line_number,devanagari_text
1,
2,[प. १]
3,जो विविहमत्तसाअरपारं पत्तो वि विमलमइहेलं ।
4,पढमब्भासतरंडोणाओ सो पिङ्गलो जअइ ॥ // फ्राफि.१ [गाथा]
5,
6,
7,[प. २]
8,दीहो सञ्जुत्तपरोबिन्दुजुओ पाडिओ अ चरणन्ते ।
9,स गुरू वङ्क दुमत्तोअण्णो लहु होइ सुद्ध अइकालो ॥ // फ्राफि.२ [उद्गाथा]
10,
11,[जिहा]
12,माई रूए हेओहिण्णो जिण्णो अ वुड्डओ देओ ।
13,सम्भुं कामन्ती सागोरी गहिलत्तणं कुणइ ॥ // फ्राफि.३ [गाथा]
14,
15,
16,[प. ३]
17,कत्थवि सञ्जुत्तपरोवण्णो लहु होइ दंसणेण जहा ।
18,परिल्हसइ चित्तधिज्जंतरुणिकडक्खम्मि णिव्वुत्तम ॥ // फ्राफि.४ [गाथा]
19,
20,
21,[प. ४]
22,इहिकारा बिन्दुजुआएओ सुद्धा अ वण्णमिलिआ वि लहू ।
23,रहवञ्जणसञ्जोएपरे असेसं वि होइ सविहासं ॥ // फ्राफि.५ [सिंहिनी]
24,
25,माणिणि माणहĩ काĩ फलएओ ज चरण पडु कन्त ।
26,सहज भुअङ्गम जइ णमइकिं करिए मणिमन्त ॥ // फ्राफि.६ [दोहा]
27,
28,
29,[प. ५]
30,[रहवञ्जणसञ्जोअस्स जहा]
31,चेउ सहज तुहुँ चञ्चलासुन्दरिहदहĩ वलन्त ।
32,पअ उण घल्लसि खुल्लणाकीलसि उण उल्हसन्त ॥ // फ्राफि.७ [दोहा]
33,
34,
35,[प. ६]
36,जइ दीहो वि अ वण्णोलहु जीहा पढइ होइ सो वि लहू ।
37,वण्णो वि तुरिअपढिओदात्तिण्णि वि एक जाणेहु ॥ // फ्राफि.८ [गाथा]
38,
39,[जहा]
40,अरेरे वाहहि कान्ह णावछोडि डगमग कुगति ण देहि ।
41,तई इथि णदिहĩ सँतार देइजो चाहहि सो लेहि ॥ // फ्राफि.९ [दोहा]
42,
43,
44,[प. ७]
45,जम ण सहइ कणअतुलातिल तुलिअं अद्धअद्धेण ।
46,तम ण सहइ सवणतुलाअवछन्दं छन्दभङ्गेण ॥ // फ्राफि.१० [गाहू]
47,
48,अबुह बुहाणं मज्झेकव्वं जो पढइ लक्खणविहूणं ।
49,भूअग्गलग्गखग्गहĩसीसं खुडिअं ण जाणेइ ॥ // फ्राफि.११ [गाथा]
50,
51,
52,[प. ८]
53,ट्ठडढाणह मज्झेगणभेआ होति पञ्च अक्खरओ ।
54,छपचतदा जहसङ्खंछप्पञ्चचउत्तिदुकलासु ॥ // फ्राफि.१२ [गाथा]
55,
56,टगणो तेरहभेओभेआ अट्ठाइ होन्ति ठगणस्स ।
57,डगणस्स पञ्च भेआ तिअ ढगणे बे वि णगणस्स ॥ // फ्राफि.१३ [गाथा]
58,
59,
60,[प. ९]
61,[अह पत्थारो]
62,पढम गुरु हेट्ठठाणेलहुआ परिठवहु अप्पबुद्धीए ।
63,सरिसा सरिसा पन्तीउव्वरिआ गुरुलहू देहु ॥ // फ्राफि.१४ [गाथा]
64,
65,[अह छकलपत्थारे गणाणं णामाई]
66,हर ससि सूरो सक्को सेसो अहि कमल बम्भ कलि चन्दो ।
67,धुअ धम्मो सालिअरो तेरह भेआ छमत्ताणं ॥ // फ्राफि.१५ [गाथा]
68,
69,
70,[प. १०]
71,[अह पञ्चकलाणं णामा]
72,इन्दासण अरु सूरोचाओ हीरो अ सेहरो कुसुमो ।
73,अहिगण पापगणो धुअपञ्चकले पिङ्गलें कहिओ ॥ // फ्राफि.१६ [गाथा]
74,
75,[अह चउक्कलाणं णामाई]
76,गुरुजुअ कण्णो गुरुअन्त करअल पओहरम्मि गुरुमज्झो ।
77,आइगुरु व्वसुचरणो विप्यो सव्वेहि लहुएहĩ ॥ // फ्राफि.१७ [गाथा]
78,
79,[अह तिण्णकलाणं णामाई]
80,धअ चिण्ह चिर चिरालअ तोमरतुम्बूरुपत्त चुअमाला ।
81,रसवासपवणवलअं लहुआलम्बेण जाणेहु ॥ // फ्राफि.१८ [गाथा]
82,
83,
84,[प. ११]
85,[अह तिअलगण [दुइ पत्थारस्स णामाई]
86,सुरवइ पटव्व ताला करतालाणन्द छन्देण ।
87,णिव्वाणं ससमुदं तूरं एह प्यमाणेण ॥ // फ्राफि.१९ [गाहू]
88,
89,[अह तिअलगण तइअ पत्थारस्स णामाई]
90,भावा रसतांडव णारीअं कुणह भाविणिअं ।
91,तिलहुगणस्स कइअरो इअ णामं पिङ्गलो कहइ ॥ // फ्राफि.२० [गाहू]
92,
93,[अह दुकलाणं णामाई]
94,णेउररसणाभरणं चामरफणिमुद्धकणअकुंडलअं ।
95,वङ्कं माणसवलअं हारावलि एह गुरुअस्स ॥ // फ्राफि.२१ [गाथा]
96,
97,[बिलहु णामाई]
98,णिअपिअ परमउ सुपिए बिल्हु ति समासु कइदिट्ठ ।
99,अह चउमत्तह णामं फणिराओ पइगणं भणइ ॥ // फ्राफि.२२ [गाहू]
100,
101,सुरअलअं गुरुजुअलं कण्णसमाणेण रसिअरसलग्गं ।
102,मणहरण सुमइलम्बिअ लहलहिअं ता सुवण्णेण ॥ // फ्राफि.२३ [गाथा]
103,
104,
105,[प. १२]
106,[अह अन्तगुरु णामाई]
107,करपाणिकमलहत्थं बाहू भुअदंडपहरणअसणिअं ।
108,गअभरणरअणणाणाभुअभरणं होति सुपसिद्धं ॥ // फ्राफि.२४ [गाथा]
109,
110,[अह मज्झगुरु णामाई]
111,भुअवइअसणरगअवइ वसुहाहिवरज्जुगोवालो ।
112,उण्णाअकचक्कवई पअहरथणअं णरिन्दाĩ ॥ // फ्राफि.२५ [गाहू]
113,
114,[अह आइगुरु णामाई]
115,पअपाअचरणजुअलं अवरु पआसेइ गंडवलहद्दम ।
116,ताअपिआमहदहणं णेउररइजङ्घजुअलेहĩ ॥ // फ्राफि.२६ [गाथा]
117,
118,[अह सव्वलहुअस्स णामाई]
119,पढमं एरिसि विप्पो बीए सरपञ्च जाइसिहरेहĩ ।
120,दिअवरपरमोपाए होइ चउक्केण लहुएण ॥ // फ्राफि.२७ [गाथा]
121,
122,
123,[प. १३]
124,[अह पञ्चकलाणं आइलहुअस्स णामाई]
125,सुणरिन्दअहिअकुञ्जरुगअवरुदन्ताइ दन्ति अह मेहो ।
126,एरावइतारावइगअणं झम्पं त लम्पेण ॥ // फ्राफि.२८ [गाथा]
127,
128,[अह मज्झल अस्स (णामाई)]
129,पक्खिविराडमइन्दहवीणाअहिजक्खअमिअजोहलअं ।
130,सुप्पण्णपण्णगासणगरुड विआणेहु मज्झलहुएण ॥ // फ्राफि.२९ [उद्गाथा]
131,
132,बहुविविहपहरणेहिं पञ्चकलओ गणो होइ ।
133,गअरहतुरङ्गपाइक्क एहु णामेण जाण चउमत्ता ॥ // फ्राफि.३० [विग्गाहा]
134,
135,ताडङ्कहारणेउरकेउरओ होति गुरुभेआ ।
136,सरमेरुदंडकाहल लहुभेआ होति एत्ताĩ ॥ // फ्राफि.३१ [गाहू]
137,
138,
139,[प. १४]
140,सङ्खं फुल्लं काहल रवं असेसेहĩ होन्ति कणअलअं।
141,रूअं णाणाकुसुमं रसगन्धं सद्दपरमाणं ॥ // फ्राफि.३२ [गाहा]
142,
143,[अह वणगणा]
144,मो तिगुरू णो तिलहू लहुगुरुआईं यभा ज मज्झगुरू ।
145,मज्झलहू रो सो उण अन्तगुरू तो वि अन्तलहुएण ॥ // फ्राफि.३३ [उद्गाथा]
146,
147,[अह गणदेवता.]
148,पुहवीजलसिहिकालो गअणं सूरो अ चन्दमा णाओ ।
149,गण अट्ठ इट्ठदेओ जहसङ्खं पिङ्गले कहिओ ॥ // फ्राफि.३४ [गाथा]
150,
151,
152,[प. १५]
153,मगण णगण दुइ मित्त हो भगण यगण हो भिच्च ।
154,आसीण जत दुअउ गण अवसिट्ठउ अरि णिच्च ॥ // फ्राफि.३५ [दोहा]
155,
156,[अहं गणफल]
157,मगण रिद्धि थिरकज्ज यगण सुहसम्पअ दिज्जइ ।
158,रगण मरण सम्पलइ जगण खरकिरण विसज्जड ॥
159,तगण सुण्ण फल कहइ सगण सहदेसु व्वासइ
160,भगण रचइ मङ्गल अणेक कइ पिङ्गल भासइ ॥
161,जत कव्व गाह दोहइ मुणहु णगण होइ पढमक्खरहि ।
162,तसु रिद्धि बुद्धि सव्वई फुरहि रण राउल दुत्तर तरइ ॥ // फ्राफि.३६ [छप्पअ]
163,
164,
165,[प. १६]
166,[अह दुगण विआरो]
167,मित्त मित्त दे रिद्धि बुद्धि अरु मङ्गल दिज्जइ
168,मित्त भिच्च थिरकज्ज जुज्झ णिब्भअ जअ किज्जइ ।
169,मित्त आसे कज्जबन्ध णहि पुणु पुणु छिज्जइ
170,मित्त होइ जइ सत्तु गोत्तबन्धव पीडिज्जइ ॥
171,अरु भिच्च मित्त सव कज्जहो भिच्च भिच्च आअत्ति चल
172,सव भिच्च उआसे धणु णसइ भिच्च वइरि हाकन्द फल ॥ // फ्राफि.३७ [छप्पअ]
173,
174,उआसीण जइ मित्त कज्ज किछु मन्द दिखावइ
175,उआसीण जइ भिच्च सव्व आअत्ति चलावइ ।
176,उआसीण उआसे मन्दभल किछु णहि दक्खिअ
177,आसीण जइ सत्तु गोत्त वइरिउ कइ लक्खिअ ।
178,जइ सत्तु मित्त हो सुण्णफल सत्तु भिच्चहो घरणिणस
179,पुणु सत्तु आसे धण णसइ सत्तु सत्तु णाअक्क खस ॥ // फ्राफि.३८ [छप्पअ]
180,
181,
182,[प. १७]
183,[अह मत्ताणं उद्दिटुं]
184,पुव्व जुअल सरि अङ्का दिज्जसु । गुरुसिर अङ्के सेस मटिज्जसु ।
185,उवरलअङ्क लक्खि कहु आणहु । ते परिधुअ उद्दिट्ठा जाणहु ॥ // फ्राफि.३९ [अडिल्ला-अरिल्ला]
186,
187,णढे सव्वकला कारिज्जसु । पुव्व जुअल सरि अङ्का दिज्जसु ।
188,पुच्छलअङ्क मिटावहि सेख । उवरल अङ्क लोपि कहु लेख ॥ // फ्राफि.४०
189,
190,जत्थ जत्थ पाविज्जइ भाग । एहु कहइ फुर पिङ्गल णाग ।
191,परमत्ता लेइ गुरुता जाइ । जत लक्खहु तत लक्खहु आइ ॥ // फ्राफि.४१ [पादाकुलक]
192,
193,
194,[प. १८]
195,[अह वण्णाणं उद्दिटुं]
196,अक्खर उप्परि दुण्णाअङ्का दिज्जहु मुणेहु उद्दिट्ठा ।
197,लहु उप्परि जो अङ्को तं देइ एक्केण जाणेहु ॥ // फ्राफि.४२ [गाथा]
198,
199,
200,[प. १९]
201,[आसां णटुं]
202,णढे अङ्के भाग करिज्जसु । समभागहĩ तहि लहु मूणिज्जसु ।
203,विसम एक देइ वंटण किज्जसु । पिङ्गल जम्पइ गुरु आणिज्जसु ॥ // फ्राफि.४३ [अडिल्ला]
204,
205,
206,[प. २०]
207,[अह वण्णमेरु]
208,अक्खर सङ्खे काढ करुआइ अन्त पढमक ।
209,सिर दुइ अङ्के अवरु भरुसूई मेरु णिसङ्क ॥ // फ्राफि.४४ [दोहा]
210,
211,
212,[प. २१]
213,
214,[प. २२]
215,[अह अस्स पताका]
216,उदिठ्ठा सरि अङ्का दिज्जसु । पुव्व अङ्क परभरण करिज्जसु ।
217,पावल अङ्क पढम परिदिज्जसु । पत्थरसङ्ख पताका किज्जसु ॥ // फ्राफि.४५ [अडिल्ला]
218,
219,[अह मत्ता मेरु]
220,दुइ दुइ काट्ठा सरि लिहहु पढम अङ्क तसु अन्त ।
221,तसु आइहि पुण एक्क सउ पढमे बे वि मिलन्त ॥ // फ्राफि.४६ [दोहा]
222,
223,सिर अङ्के तसु सिर पर अङ्के । उवरल काट्ट पुरहु णीसके ।
224,मत्तामेरु अङ्क सञ्चारि । बुज्झहु बुज्झहु जण दुइ चारि ॥ // फ्राफि.४७ [पादाकुलक]
225,
226,
227,[प. २३]
228,
229,[प. २४]
230,[अह मत्ता पताका]
231,उद्दिट्ठा सरि अङ्का थप्पहु । वामावत्ते पर ले लुप्पहु ।
232,एक्क लोप अइक्क गुरु आणहु । दुइ तिणि लोपे दुइ तिणि जाणहु ।
233,मत्त पताका पिङ्गल गाव । जो पावइ सो परहि मिलाव ॥ // फ्राफि.४८ [अडिल्ला+ पादाकुलर्क]
234,
235,[अह वित्तस्स लहुगुरुआणं]
236,पुच्छल छन्द कला कई पुच्छल वण्ण मिटाव ।
237,अवसिटे गुरु जाणिअहु लहु जाणिव्वउ ताव ॥।दोहा। // फ्राफि.४९
238,
239,
240,[प. २५]
241,
242,[प. २६]
243,[अह सकलपत्थार सङ्खा]
244,छब्बीसा सत्तसआ तह सत्तारह सहस्साĩ ।
245,बाआलीसं लक्खं तेरह कोडी समग्गाई॥५०॥ // फ्राफि.५० [गाहू]
246,
247,
248,[प. २७]
249,[अह गाहापअरणं (अथ गाथाप्रकरणम)]
250,होइ गाहू मत्त चउअण्ण गाहाइ सत्तावणी ।
251,तह विग्गाह पलट्टि किज्जइ उग्गाहउ सट्ठि कल ॥
252,गाहिणी अ बासट्टि किज्जइ ।
253,तह वि पलट्टइ सिंहिणी बे अग्गल हो सहि ।
254,सत्तरूअ अण्णोण्ण गण खन्ध मत्त चउसट्ठि ॥ // फ्राफि.५१ [रड्डा]
255,
256,
257,[प. २८]
258,[अह गाहू]
259,पुव्वद्धे उत्तद्धे सत्तग्गल मत्त वीसा ।
260,छट्ठमगण पअमज्झे गाहू मेरु व्व जुअलाĩ ।५२॥ // फ्राफि.५२ [गाहू]
261,
262,[जहा]
263,चन्दो चन्दण हारो ताव अ रूअं पआसन्ति ।
264,चंडेसरवरकित्ती जाव ण अप्पं णिदंसेइ ॥ // फ्राफि.५३ [गाहू]
265,
266,
267,[प. २९]
268,[अह गाहा]
269,पढमं बारह मत्ता बीए अट्ठारहेहĩ सञ्जुत्ता ।
270,जह पढमं तह तीअं दहपञ्च विहूसिआ गाहा ॥ // फ्राफि.५४ [गाहा]
271,
272,[जहा]
273,जेण विणा ण जिविज्जइ अणुणिज्जइ सो कआवराहो वि ।
274,पत्ते वि णअरडाहे भण कस्स ण वल्लहो अग्गी ॥ // फ्राफि.५५ [गाहा]
275,
276,
277,[प. ३०]
278,सत्तगणा दीहन्ता जो ण लहू छट्ठ णेह जो विसमे ।
279,तह गाहे वि अ अद्धे छठे लहुअं विआणेहु ॥ // फ्राफि.५६ [गाहा]
280,
281,सव्वाए गाहाए सत्तावण्णाइ होति मत्ताई।
282,पुव्वद्धमि अ तीसा सत्ताईसा परदमि ॥ // फ्राफि.५७ [गाहा]
283,
284,सत्ताईसा हारा सल्ला जस्संमि तिण्णि रेहाई।
285,सा गाहाणं गाहा आआ तीसक्खरा लच्छी ॥ // फ्राफि.५८ [गाहा]
286,
287,
288,[प. ३१]
289,तीसक्खराहĩ लच्छी सव्वे वन्दन्ति होइ विक्खाआ ।
290,हासइ एवं एक्कं वण्णं ता कुणह णामाई ॥ // फ्राफि.५९ [गाहा]
291,
292,लच्छी रिद्धी बुद्धी लज्जा विज्जा खमा अ देहीआ ।
293,गोरी धाई चुण्णा छाआ कन्ती महामाई ॥ // फ्राफि.६० [लच्छी]
294,
295,कित्ती सिद्धी माणी रामा गाहिणी विसा अ वासीआ ।
296,सोहा हरिणी चक्की सारसि कुररी सिही अ हंसीआ ॥ // फ्राफि.६१ [उग्गाहा]
297,
298,
299,[प. ३२]
300,पढमं वी हंसपअं बीए सीहस्स विक्कम जाआ ।
301,तीए गअवरलुलिअं अहिवरलुलिअं चउत्थए गाहा ॥ // फ्राफि.६२ [गाहा]
302,
303,एक्के जे कुलमन्ती बे णाअक्केहĩ होइ सङ्गहिणी ।
304,णाअकहीणा रंडा वेसा बहुणाअका होइ ॥ // फ्राफि.६३ [गाहा]
305,
306,तेरह लहुआ विप्पी एआईसेहिं खत्तिणी भणिआ ।
307,सत्ताईसा वेसी सेसा सा सुद्दिणी होइ ॥ // फ्राफि.६४ [गाहा]
308,
309,
310,[प. ३३]
311,जा पढम तीअ पञ्चम सत्तम ठाणे ण होइ गुरुमज्झा ।
312,गुव्विणिए गुणरहिआ गाहा दोसं पआसेइ ॥ // फ्राफि.६५ [गाहा]
313,
314,[अह विग्गाहा ।]
315,विग्गाहा पढम दले सत्ताईसाई मत्ताई।
316,पच्छिम दले ण तीसा इअ जम्पिअ पिङ्गलेण णाएण ॥ // फ्राफि.६६ [विग्गाहा]
317,
318,
319,[प. ३४]
320,[जहा]
321,परिहर माणिणि माणं पक्खहि कुसुमाई णीवस्स ।
322,तुम्ह कए खरहिअओ गण्हइ गुडिआधणुं अ किर कामो ॥ // फ्राफि.६७ [विग्गाहा]
323,
324,[अह उग्गाहा]
325,पुव्वद्धे उत्तद्धे मत्ता तीसन्ति सुहअ सम्भणिआ।
326,सो उग्गाहो वुत्तो पिङ्गल कइ दिट्ठ सट्टि मत्तङ्गो ॥ // फ्राफि.६८ [उग्गाहा]
327,
328,
329,[प. ३५]
330,[जहा]
331,सोऊण जस्स णामं अंसू णअणाई सुमुहि रुन्धति ।
332,भण वीर चेइवइणो पक्खामि मुहं कहं जहिच्छं से ॥ // फ्राफि.६९ [उग्गाहा]
333,
334,[अह गाहिणी सिंहिणी]
335,पुव्वद्ध तीस मत्तापिङ्गल पभणेइ मुद्धिणि सुणेहि ।
336,उत्तद्धे बत्तीसागाहिणि विवरीअ सिंहिणी भणु सच्चं ॥ // फ्राफि.७० [गाहिणी]
337,
338,
339,[प. ३६]
340,[गाहिणी जहा]
341,मुञ्चहि सुन्दरि पाअं अप्पहि हसिऊण सुमुहि खग्गं मे ।
342,कप्पिअ मेच्छशरीरं पच्छड वअणाईं तुम्ह धुअ हम्मीरो ॥ // फ्राफि.७१ [गाहिणी]
343,
344,[सिंहिणी जहा]
345,वरिसइ कणअह विढेइ तप्पइ भुअणे दिआणिसं जग्गन्तो।
346,णीसङ्क साहसको णिदइ इन्दं अ सूरबिम्बं अ ॥ // फ्राफि.७२ [सिंहिणी]
347,
348,
349,[प. ३७]
350,[अह खन्धआ (अथ स्कन्धक)]
351,चउमत्ता अट्ठगणा पुव्वद्धे उत्तरद्ध होइ समरूआ ।
352,सा खन्धआ विआणहु पिङ्गल पभणेइ मुद्धि बहुसम्भेआ ॥ // फ्राफि.७३ [खन्धआ]
353,
354,[जहा]
355,जं जं आणेइ गिरि रइरहचक्कपरिघट्टणसहं हणुआ ।
356,तं तं लीलाइ णलो वामकरत्थंहिअं रएइ समुद्दे ॥ // फ्राफि.७४ [स्कन्धक]
357,
358,
359,[प. ३८]
360,णन्दउ भद्दउ सेस सरङ्गसिव बम्भ वारण वरुण ।
361,णीलु मअण तालङ्क सेहरुसरु गअणु सरहु विमइ ॥
362,खीर णअरु णरु णिद्ध णेहलु ॥
363,मअगलु भोअलु सुद्ध सरिकुम्भ कलस ससि जाण ।
364,सरहसेसससहर मुणहु सत्ताइस खन्धाण ॥ // फ्राफि.७५ [राजसेना]
365,
366,चउ लहु कत्थवि पसर जहिं सो सहि णन्दउ जाण ।
367,गुरु टुट्टइ बि बि लहु वढइ तं तं णाम विआण ॥ // फ्राफि.७६ [दोहा]
368,
369,[जहा]
370,चन्दा कुन्दा कासाहारा हीरा तिलोअणा केलासा ।
371,जेत्ता जेत्ता सेत्ता तेत्ता कासीस जिण्णिआ ते कित्ती ॥. // फ्राफि.७७ [नन्द-स्कन्धक]
372,
373,
374,[प. ३९]
375,[अह दोहा]
376,तेरह मत्ता पढम पअपुणु एआरहĩ देह ।
377,पुणु तेरह एआरहइदोहा लक्खण एह ॥ // फ्राफि.७८ [दोहा]
378,
379,[जहा]
380,सुरअरु सुरही परसमणिणहि वीरेश समाण ।
381,ओ वक्कल ओ कठिणतणुओ पसु ओ पासाण ॥ // फ्राफि.७९ [दोहा]
382,
383,
384,[प. ४०]
385,भमरु भामरु सरहु सेवाणमंडूक मक्कडु करहु ।
386,णरु मरालु मअगलु पओहरुबलु वाणरु तिण्णि कलु ॥
387,कच्छ मच्छ सहूल अहिवरु ।
388,वघ्य विराडउ सुणह तहौन्दुर सप्पपमाण ।
389,गुरु टुट्टइ बे लहु वढइतं तं णाम विआण ॥ // फ्राफि.८० [रडा]
390,
391,छब्बीसक्खर भमर हो गुरु बाइस लहु चारि ।
392,गुरु टुट्टइ बे लहु वढइ तं तं णाम विआरि ॥ // फ्राफि.४१ [दोहा]
393,
394,[जहा]
395,जा अद्धङ्गे पव्वईसीसे गङ्गा जासु ।
396,जो देआणं वल्लहोवन्दे पाअं तासु ॥ // फ्राफि.८२ [दोहा-भ्रमर]
397,
398,
399,[प. ४१]
400,बारह लहुआ विप्पीतह बाईसेहिं खत्तिणी भणिआ ।
401,बत्तीस होइ बेसीजा इअरा सुद्दिणी होई ॥ // फ्राफि.८३ [गाहा]
402,
403,जस्सा पढमहिं तीओजगणा दीसन्ति पाअ पाएण ।
404,चंडालह घररहिआदोहा दोसं पआसेइ ॥ // फ्राफि.८४ [गाहा]
405,
406,छक्कलु चक्कलु तिणि कलु एम परि विसम पअन्ति ।
407,सम पाहĩ अन्तक्क कलु ठवि दोहा णिभन्ति ॥ // फ्राफि.८५ [दोहा]
408,
409,
410,[प. ४२]
411,दिअवरगण धरि जुअलपुण विअ तिअलहु पअल
412,इम विहि विहु छउ पअणिजिम सुहइ सुससि रअणि
413,इह रसिअउ मिअणअणिएअदह कल गअगमणि ॥ // फ्राफि.८६ [रसिका]
414,
415,[जहा]
416,विमुह चलिअ रण अचलुपरिहरिअ हअगअवलु
417,हलहलिअ मलअणिवइजसु जस तिहुअण पिअइ
418,वरणसि णखइ लुलिअसअल उवरि जसु फुलिअ ॥ // फ्राफि.८७ [रसिका]
419,
420,
421,[प. ४३]
422,आइकव्व उक्कच्छकिउ लोहङ्गिणि मह सारु ।
423,गुरु वड्डइ बि बि लहु घटइतं तं णाम विआरु ॥ // फ्राफि.८८ [दोहा]
424,
425,लोहङ्गिणि हंसीआरेहा तालङ्कि कम्पि गम्भीरा ।
426,काली कलरुदाणी उक्कच्छा अट्ठ णामाई ॥ // फ्राफि.८९ [गाहा]
427,
428,
429,[प. ४४]
430,लोहङ्गिणि सव्व लहू जत्थ गुरु एक्क सा हंसी ।
431,जं जं वड्डइ हारो णामं जो जत्थ सो तत्थ ॥[इति उक्कच्छा] // फ्राफि.९० [गाहू]
432,
433,[अह रोला]
434,पढम होइ चउवीस मत्त अन्तर गुरु जुत्तेपिङ्गल हाँते सेस णाअ तण्हि रोला उत्ते ।
435,एग्गाराहा हारा रोला छन्दो जुज्जइएक्के एक्के टुट्टइ अण्णो अण्णो वड्डइ ॥ // फ्राफि.९१ [रोला]
436,
437,
438,[प. ४५]
439,[जहा]
440,पअभरु दरमरु धरणि तरणिरह धुल्लिअ झम्पिअकमठपिट्ठ टरपरिअ मेरु मन्दर सिर कम्पिअ ।
441,कोह चलिअ हम्मीरवीर गअजूह सँजुत्तेकिअउ कट्ठ हाकन्द मुच्छिमेच्छहके पुत्ते ॥ // फ्राफि.९२ [रोला]
442,
443,
444,[प. ४६]
445,
446,[प. ४७]
447,कुन्द करअल मेह तालङ्ककलरुद्द कोइल कमलु ।
448,इन्दु सम्भु चामरु गणेसरुसहसक्खो सेस भण ॥
449,णाअराअ जम्पइ फणीसरु ।
450,तेरह अक्खर जं पलइइग्गारह वङ्केहĩ ।
451,अक्खर अक्खर जं वढइतं तं णाम कुणेहि ॥[इति रोला] // फ्राफि.९३ [रड्डा]
452,
453,[अह गन्धाण]
454,दहसत्त वण्ण पढम पअ भणह सुअणा
455,तह बीअंमि अट्ठारहहिं जमअ जुअ चरणा ।
456,एरिसि अ बीअ दल कुणहु भणइ पिङ्गलो
457,गन्धाणा णाम रूअउ हो पंडिअजणचित्तहरो ॥ // फ्राफि.९४ [गन्धाण]
458,
459,दहसत्तक्खर संठवहु पढमचरण गन्धाण ।
460,बीअक्खर पुणु जमअ दइ अट्ठारहइ विआण ॥ // फ्राफि.९५ [दोहा]
461,
462,
463,[प. ४८]
464,[जहा]
465,कण्ण चलते कुम्म चलइ पुणुवि असरणा ।
466,कुम्म चलते महि चलइ भुअणभअकरणा ।
467,महि अ चलते महिहरु तह अ सुरअणा
468,चक्कवइ चलते चलइ चक्क तह तिहुअणा ॥ // फ्राफि.९६ [गन्धाण]
469,
470,[अह चउपइया]
471,चउपइआ छन्दा भणइ फणिन्दाचउमत्ता गण सत्ता ।
472,पाएहि सगुरु करि तीस मत्त धरिचउ सअ असि अ णिरुत्ता ।
473,चउ छन्द लविज्जइ एक्कु ण किज्जइको जाणइ एहु भेऊ ।
474,कड पिङ्गल भासइ छन्द पआसइ मिअणअणि अमिअ एहू ॥ // फ्राफि.९७ [चउपइआ]
475,
476,
477,[प. ४९]
478,[जहा]
479,जसु सीसहि गङ्गा गोरि अधङ्गा गिव पहिरिअ फणिहारा ।
480,कंठट्टिअ वीसा पिन्धण दीसा सन्तारिअ संसारा ॥
481,किरणावलिकन्दा वन्दिअ चन्दा णअणहि अणल फुरन्ता ।
482,सो सम्पअ दिज्जउ बहु सुह किज्जउ तुम्ह भवाणीकन्ता ॥ // फ्राफि.९८ [चउपइआ]
483,
484,
485,[प. ५०]
486,[अह घत्ता]
487,पिङ्गल कई दिट्ठउ छन्द उकिट्ठउ घत्त मत्त बासट्टि करि ।
488,चउमत्त सत्त गण बे विपाअ भण तिण्णि तिणि लहु अन्त धरि ॥ // फ्राफि.९९ [घत्ता]
489,
490,पढमं दह बीसामो बीए मत्ताĩ अट्ठाई।
491,तीए तेरह विरई घत्ता मत्ताई बासट्ठि ॥ // फ्राफि.१०० [गाहा]
492,
493,[जहा]
494,रणदक्ख दक्खहणु जिण्ण कुसुमधणु अन्धअगन्धविणासकरु ।
495,सो रक्खउ सङ्करु असुरभअङ्करु गोरि णारि अद्धङ्ग धरु ॥ // फ्राफि.१०१ [घत्ता]
496,
497,
498,[प. ५१]
499,[अह घत्तानन्द]
500,सो घत्तह कुलसार कित्ति अपारु णाअराअ पिङ्गल कहइ ।
501,एआरह वीसाम णन्दउ णाम पुणु वि सत्त तेरह विरइ ॥ // फ्राफि.१०२ [घत्ता]
502,
503,उड्डुउणहपह भमउ खग्ग रिउसीसहि झल्लउ ।
504,पक्खर पक्खर ठेल्लि पल्लि पव्वअ अप्फाला ॥
505,हम्मीरकज्जु जज्जल भणह कोहाणलमह मइ जलउ ।
506,सुलताण सीस करवाल दइ तज्जि कलेवर दिअ चलउ ॥ // फ्राफि.१०३ [छप्पय]
507,
508,[जहा]
509,जो वन्दिअ सिर गङ्ग हणिअ अणङ्ग अद्धङ्गहि परिकर धरणु ।
510,सो जोई जणमित्त हरउ दुरित्त सङ्काहरु सङ्करचरणु ॥ // फ्राफि.१०४ [धत्ताणन्द]
511,
512,
513,[प. ५२]
514,[अह छप्पउ]
515,छप्पअ छन्द छइल सुणहु अक्खरसञ्जुत्तउ ।
516,एआरह तसु विरइ त पुणु तेरह णिब्भन्तउ ॥
517,बे मत्ता धरि पढम त पुणु चउ चउ कल किज्जइ ।
518,मज्झट्ठिअ गण पञ्च हेट्ठ बिण्ण वि लहु दिज्जइ ॥
519,उलाल विरइ बे पण्णरह मत्ता अट्ठाइस सोइ ।
520,एम भणह मुणह छप्पअ पअ अणहा इत्थि ण किम्पि होइ ॥ // फ्राफि.१०५
521,
522,[जहा]
523,पिन्धउ दिढ सण्णाह वाह उप्पर पक्खर दइ ।
524,बन्धु समदि रण धसउ सामि हम्मीर वअण लइ ॥
525,
526,[प. ५३]
527,उड्डुउणहपह भमउ खग्ग रिउसीसहि झल्लउ ।
528,पक्खर पक्खर ठेल्लि पल्लि पव्वअ अप्फाला ॥
529,हम्मीरकज्जु जज्जल भणह कोहाणलमह मइ जलउ ।
530,सुलताण सीस करवाल दइ तज्जि कलेवर दिअ चलउ ॥ // फ्राफि.१०६ [छप्पय]
531,
532,
533,[प. ५४]
534,पअ पअ तलउ णिबद्ध मत्त चउबीसह किज्जइ ।
535,अक्खर डम्बर सरिस छन्द इअ सुद्ध भणिज्जइ ॥
536,आइहि छक्कलु होइ चारि चउकलउ णिरुत्तउ ।
537,दुक्कल अन्त णिबद्ध सेस कइ वत्थु णिवुत्तउ ।
538,बावण्ण सउ वि मत्तह मुणहु उल्लालउ सहिअउ गुणह ।
539,छप्पअ छन्द एरिसि वि होइ काĩ गन्थि गन्थि वि मरह ॥ // फ्राफि.१०७ [छप्पय]
540,
541,
542,[प. ५५]
543,[जहा]
544,जहा सरअ ससि बिम्ब जहा हरहार हंस ठिअ ।
545,जहा फुल सिअ कमल जहा सिरिखंड खंड किअ॥
546,जहा गङ्ग कल्लोल जहा रोसाणिअ रुप्पइ ।
547,जहा दुद्धवर सुद्ध फेण फम्फाइ तलप्फइ ॥
548,पिअ पाअ पसाए दिट्ठि पुणु णिहुअ हसइ जह तरुणिजण ।
549,वरमन्ति चंडसर कित्ति तुअ तत्थ देक्ख हरिबम्भ भण ॥ // फ्राफि.१०८ [छप्पय]
550,
551,
552,[प. ५६]
553,[अह कव्व लक्खण]
554,आइ अन्त दुहु छक्कलउ तिण्णि तुरङ्गम मज्झ ।
555,तीए जगणु कि विप्पगणु कव्वह लक्खण बुज्झ ॥ // फ्राफि.१०९ [दोहा]
556,
557,चउ अग्गल चालीस गुरु एक्कक्के गुरु लेहु ।
558,जो गुरुहीणउ सक्क सो णाम ग्गहण कुणेहु ॥ // फ्राफि.११० [दोहा]
559,
560,[जहा]
561,जसु कर फणिवइ वलअ तरुणिवर तणुमह विलसइ ।
562,णअण अणल गल गरल विमल ससहर सिर णिवसइ ॥
563,सुरसरि सिरमह रहइ सअलजण दुरित दमण कर ।
564,हसि ससिहर हर दुरिअ विहर हर अतुल अभअवर ॥ // फ्राफि.१११ [सक्क]
565,
566,
567,[प. ५७]
568,जह जह वलआ वड्डिहड तह तह णाम कुणेहु ।
569,सम्भुहि सउँ भण भिङ्गगण चउआलीस मुणेहु ॥ // फ्राफि.११२ [दोहा]
570,
571,ता सक्को सम्भो सूरो गंडो खन्धो विजओ दप्पो
572,तालङ्को समरो सीहो सीसो उत्तेओ पडिवक्खो ।
573,परिधम्म मरालु मइन्दो दंडो मक्कलु मअणु मरहो
574,वासन्तो कंठो मोरो बन्धो भमरो भिण्णमरट्ठो ॥ // फ्राफि.११३
575,
576,वलहदो राओ वलिओ मोहो सन्थाणो बलि मेहो
577,सहसक्खो बालो दरिओ सरहो दम्भो'हो उदम्भो ।
578,वलिअङ्को तुरओ हरिणो अन्धो मुद्धीए तह भिङ्गो
579,वत्थूआ णामो पिङ्गलणाओ जम्पइ छन्दपबन्धो ॥ // फ्राफि.११४ [चउपइआ]
580,
581,पचतालीसह वत्थुआ छन्दे छन्द विअम्भ ।
582,अद्धा कइ पिङ्गल कहइ चलइ ण हरिहर बम्भ ॥ // फ्राफि.११५ [दोहा]
583,
584,
585,[प. ५८]
586,पअह असुद्धउ पङ्गुहीण खोडउ पणिज्जइ
587,मत्तग्गल वाउलउ सुण्णकल कण्ण सुणिज्जइ ।
588,झलवज्जिअ तह बहिर अन्ध लङ्कारह रहिअउ
589,वुलउ छन्द उट्टवण अत्थ विणु दुब्बल कहिअउ ॥
590,डेरउ हट्टक्खरहिं होइ काणा गुण सव्वहĩ रहिअ ।
591,सव्वङ्गसुद्ध समरूअगुण छप्पअ दोस पिङ्गलु कहिअ ॥ // फ्राफि.११६ [छप्पअ]
592,
593,
594,[प. ५९]
595,विप्प होइ बत्तीस खत्ति बेआल कहिज्जसु ।
596,अठतालिस लहु वेस सेस सुद्दउ सलहिज्जसु ॥
597,चउअग्गल पउ बीस मत्त छाणवइ ठविज्जसु ।
598,पचतालीसह णाम कव्वलक्खणह करिज्जसु ॥
599,छहबिस उल्लालहि एक्क कइ बिण्णि पाअ छप्पअ मुणहु ।
600,समवण्ण सरिस समदोसगुण णाम अइहत्तरि परि मुणहु ॥[छप्प // फ्राफि.११७
601,
602,[अह उल्लाल लक्खण]
603,तिण्णि तुरङ्गम तिअल तह छह चउतिअ तह अन्त ।
604,अइम उल्लाला उट्टवहु बिहु दल छप्पण मन्त ॥ // फ्राफि.११८ [दोहा]
605,
606,
607,[प. ६०]
608,[जहा]
609,जाआ जा अद्धङ्ग सीस गङ्गा लोलन्ती
610,सव्वाहा पूरन्ति सव्व दुक्खा तोलन्ती ।
611,णाआ राआ हार दीस वासा भासन्ता
612,वेआला जा सङ्ग णच्च दुट्ठा णासन्ता ॥
613,णाचन्ता कन्ता उच्छव्वे ताले भूमी कम्पले ।
614,जा दिढे मोक्खा पाविज्जे सो तुम्हाणं सुक्ख दे ॥ // फ्राफि.११९ [छप्पअ]
615,
616,चउआलिस गुरु कव्वके छहबीसउ उल्लाल ।
617,जं गुरु टुट्टइ लहु वढइ एहत्तरि पत्थार ॥ // फ्राफि.१२० [दोहा]
618,
619,
620,[प. ६१]
621,[[अथ शाल्मली प्रस्तार]]
622,अजअ बेआसी अक्खरउ गुरु सत्तरि रविरेह ।
623,एक्कक्खर वढ गुरु घटइ दुदुइ लहुआ देह ॥ // फ्राफि.१२१ [दोहा]
624,
625,अजअ विजउ बलि कण्ण वीर बेआल विहण्णरु
626,मक्कलु हरि हर बम्भ इन्दु चन्दण सुसुहङ्करु ।
627,साण सीह सदूल कुम्म कोइल खर कुञ्जरु
628,मअण मच्छ तालङ्क सेस सारङ्ग पओहरु ॥
629,ता कुन्द कमलु वारण भसल सरहु जङ्गम सर बि लहइ ।
630,सुसरु समरु सारसु सरअ छप्पअ णाम पिङ्गलु कइ ॥ // फ्राफि.१२२
631,
632,मेरु मअरु मअ सिद्धि बुद्धि करअलु कमलाअरु
633,धवल मणउ धुअ कणउ किसणु रञ्जणु मेहाअरु ।
634,गिम्ह गरुड ससि सूर सल्ल णवरङ्ग मणोहरु
635,गअणु रअणु णरु हीरु भमरु सेहरु कुसुमाअरु
636,ता दिप्पु सङ्ख वसु सद्द मुणि णाअराअ पिङ्गलु कहइ ।
637,छप्पअ णाम एहत्तरिहि छन्द आर पत्थरि लहइ ॥ // फ्राफि.१२३
638,
639,
640,[प. ६२]
641,जत्ते सव्वहि होइ लहु अद्ध विसज्जहु ताम ।
642,तह वि विसज्जहु एक्कसरु एहि पमाणे णाम ॥इति षट्पदप्रकरणम । // फ्राफि.१२४ [दोहा]
643,
644,[अह पज्झडिआ]
645,चउमत्त करह गण चारि ठाईठवि अन्त पओहर पाई पाई।
646,चउसट्ठि मत्त पज्झरइ इन्दुसम चारि पाअ पज्झडिअ छन्दु ॥ // फ्राफि.१२५
647,
648,[जहा]
649,जे गञ्जिअ गोडाहिवइ राउउदंड आड्ड जसु भअ पलाउ ।
650,गुरुविक्कम विक्कम जिणिअ जुज्झता कण्ण परक्कम कोइ बुज्झ ॥ // फ्राफि.१२६ [पज्झडिआ]
651,
652,
653,[प. ६३]
654,[अह अडिल्ला]
655,सोलह मत्ता पाउ अलिल्लहबे वि जमक्का भेउ अडिल्लह ।
656,हो ण पओहर किम्पि अडिल्लहअन्त सुपिअ भण छन्दु अडिल्लह ॥ // फ्राफि.१२७
657,
658,[जहा]
659,जिणि आसावरि देसा दिण्हउसुत्थिर डाहररज्जा लिण्हउ ।
660,कालञ्जर जिणी कित्ती थप्पिअधणु आवज्जिअ धम्मक अप्पिअ ॥ // फ्राफि.१२८ [अडिल्ला]
661,
662,
663,[प. ६४]
664,[पादाकुलक छन्द]
665,लहु गुरु एक्क णिअम णहि जेहापअ पअ लक्खउ उत्तमरेहा ।
666,सुकइ फर्णिदह कंठह वलसोलहमत्तं पाआकुलअं ॥ // फ्राफि.१२९
667,
668,[जहा]
669,सेर एक जइ पावउँ धित्तामंडा वीस पकावउँ णित्ता ।
670,टङ्कु एक जउ सइन्धव पाआजो हउ रङ्क सोइ हउ राआ ॥ // फ्राफि.१३० [पादाकुलक]
671,
672,
673,[प. ६५]
674,[चउबोला छन्द]
675,सोलह मत्तह बे वि पमाणहुबीअ चउत्थहĩ चारिदहा ।
676,मत्तह सट्ठि समग्गल जाणहुचारि पआ चउबोल कहा ॥ // फ्राफि.१३१
677,
678,[जहा]
679,रे धणि मत्तमअङ्गअगामिणिखञ्जणलोअणि चन्दमुही ।
680,चञ्चल जुव्वण जात ण जाणहिछइल समप्पइ काई णही ॥ // फ्राफि.१३२ [चउबोला]
681,
682,
683,[प. ६६]
684,[पअ बीअ बारह ठवहु]
685,तीअ ठाइ दहपञ्च जाणहु
686,चारिम एग्गारहहĩ
687,पञ्चमे हि दह पञ्च आणहु
688,अट्ठा सट्ठी पूरवहुअग्गे दोहा देहु ।
689,राअसेण सुपसिद्ध इअ रड्ड भणिज्जइ एहु ॥ // फ्राफि.१३३ [राजसेना]
690,
691,विसम तिकल संठवहु तिण्णि पाइक्क करहु लइ
692,अन्त णरिन्द कि विप्प पढम बे मत्त अवर पइ ।
693,समपअ तिअ पाइक्क सव्वलहु अन्त विसज्जहु
694,चउठा चरण विचारि एक लहु कहिअ लिज्जहु ॥
695,इम पञ्च पाअ उट्टवण कइ वत्थु णाम पिङ्गल कुणइ ।
696,ठवि दोसहीण दोहा चरण राअसेण रड्डह भणइ ॥ // फ्राफि.१३४
697,
698,
699,[प. ६७]
700,[जहा]
701,भमइ महुअर फुल्ल अरविन्दणव केसुकाणण जुलिअ ।
702,सव्वदेस पिकराव वुल्लिअसिअल पवण लहु वहइ ॥
703,मलअकुहर णववल्लि पेल्लिअ ।
704,चित्त मणोभवसर हणइदूर दिगन्तर कन्त ।
705,किम परि अप्पउ वारिहउइम परिपलिअ दुरन्त ॥ // फ्राफि.१३५ [राजसेना]
706,
707,करही णन्दा मोहिणी चारुसेणि तह भद्द ।
708,राअसेण तालङ्क पिअ सत्त वत्थु णिप्फन्द ॥ // फ्राफि.१३६
709,
710,पढम तीअ पञ्चम पअह तेरह मत्ता जासु ।
711,बीअ चउत्थ एगारहहĩ करहि भणिज्जइ तासु ॥ // फ्राफि.१३७
712,
713,
714,[प. ६८]
715,[[नन्दा लक्षण]
716,पढम तीअ पञ्चम पअह मत्त होइ दह चारि ।
717,बीअ चउत्थ एगारहहĩ णन्द भणिञ्ज विआरि ॥ // फ्राफि.१३८
718,
719,[[मोहिनी लक्षण]
720,पढम तीअ पञ्चम पअह णव दह मत्ता जासु ।
721,बीअ चउत्थ एगारहहिं तं मोहिणी मुणिआसु ॥ // फ्राफि.१३९
722,
723,[[चारुसेना लक्षण]
724,पढम तीअ पञ्चम पअह मत्त पण्णरह जासु ।
725,बीअ चउथ एआरहहĩ चारुसेणि मुणिआसु ॥ // फ्राफि.१४०
726,
727,[भिद्रा लक्षण]]
728,पढम तीअ पञ्चम पअह मत्ता दहपञ्चाइ ।
729,बीअ चउत्थे बारहहĩ भद्द णाम कहिआइ ॥ // फ्राफि.१४१
730,
731,[राजसेना लक्षण]]
732,पढम तीअ पञ्चम पअह मत्त पण्णरह पजत्थ ।
733,सम बारह अरु एक्कदह राअसेणु भणु तत्थ ॥ // फ्राफि.१४२
734,
735,
736,[प. ६९]
737,[[तालङ्किनी लक्षण]]
738,पढम तीअ पञ्चम पअह मत्ता सोलह जासु ।
739,सम बारह अरु एक्कदह तालङ्किणि भणु तासु ॥ // फ्राफि.१४३ [इति रड्डा प्रकरणम]
740,
741,[(पद्मावती छन्दः)]
742,भणु पउमावत्ती ठाणं ठाणं चउमत्ता गण अट्ठाआ।
743,धुअ कण्णो करअलु विप्पो चरणो पाए पाअ उकिट्ठाआ ॥
744,जइ पलइ पओहर किमइ मणोहर पीडइ तह णाअक्कगुणो ।
745,पिअरह सन्तासइ कइ उव्वासइ इअ चंडालचरित्त गणे ॥ // फ्राफि.१४४
746,
747,[जहा]
748,भअ भज्जिअ वङ्गा भङ्गु कलिङ्गा तेलङ्गा रण मुक्कि चले ।
749,मरहट्ठा धिट्ठा लग्गिअ कट्ठा सोहा भअ पाअ पले ॥
750,चम्पारण कम्पा पव्वअ झम्पा आत्था आत्थी जीव हरे ।
751,कासीसर राणा किअउ पआणा विज्जाहर भण मन्तिवरे ॥ // फ्राफि.१४५
752,
753,
754,[प. ७०]
755,[[अथ कुंडलिया छन्द]]
756,दोहा लक्खण पढम पढि कव्वह अद्ध णिरुत्त ।
757,कुंडलिआ बुहअण मुणहु उलाले सञ्जुत्त ।
758,उल्लाले सञ्जुत्त जमक सुद्धउ सलहिज्जइ ।
759,चउआलह सउ मत्त सुकइ दिढबन्धु कहिज्जइ ।
760,चआलह सउ मत्त जासु तणु भूषण सोहा ।
761,एम कुंडलिआ जाणहु पढम जह पढिअइ दोहा ॥ // फ्राफि.१४६
762,
763,
764,[प. ७१]
765,[जहा]
766,ढाल्ला मारिअ ढिल्लि महँ मुच्छि. मेच्छसरीर ।
767,पुर जज्जल्ला मन्तिवर चलिअ वीर हम्मीर ॥
768,चलिअ वीर हम्मीर पाअभर मेइणि कम्पई ।
769,दिग मग णह अन्धार धूलि सूरह रह झम्पइ ॥
770,दिग मग णह अन्धार आण खुरसाणक आल्ला ।
771,दरमरि दमसि विपक्ख मारुढिल्ली महँ ढाल्ला ॥ // फ्राफि.१४७ [कुंडलिया]
772,
773,
774,[प. ७२]
775,[[अथ गगनाङ्गच्छन्दः]]
776,पअ पअ ठवहु जाणि गअणङ्गउ मत्त विहूसिणा
777,भाअउ बीस कलअ सरअग्गल लहु गुरुसेसिणा ॥
778,पढमहि मत्त चारि गण किज्जहु गणह पआसिओ
779,बीसक्खर सअल पअह पिअ गुरु अन्त पआसिओ ॥ // फ्राफि.१४९
780,
781,पढमहि चक्कलु होइ गण अन्तहि दिज्जहु हारु ।
782,बीसक्खर गअणङ्ग भणु मत्त पचीस विआरु ॥ // फ्राफि.१५०
783,
784,
785,[प. ७३]
786,[जहा]
787,भञ्जिअ मलअ चोलवइ णिपलिअ गञ्जिअ गुञ्जरा
788,मालवराअ मलअगिरि लुक्किअ परिहरि कुञ्जरा ।
789,खुरासाण खुहिअ रण महँ लङ्घिअ मुहिअ साअरा
790,हम्मीर चलिअ हारव पलिअ रिउगणह काअरा ॥ // फ्राफि.१५१
791,
792,[[अथ द्विपदीछन्दः]]
793,आइग इन्दु जत्थ हो पढमहि दिज्जइ तिणि धणुहरं
794,तह पाइकजुअल परिसंठवहु विविहचित्तसुन्दरं ॥ // फ्राफि.१५२
795,
796,सरसइ लइअ पसाउ तह पुहवी करहि कइत्त कइअणा
797,महुअरचरण अन्त लइ दिज्जहु दोअइ मुणहु बुहअणा ॥ // फ्राफि.१५३
798,
799,
800,[प. ७४]
801,छक्कलु मुह संठावि कइ चक्कलु पञ्च ठवेहु ।
802,अन्तहि एक्कड हार दइ दोअइ छन्द कहेहु ॥ // फ्राफि.१५४
803,
804,[जहा]
805,दाणव देव बे वि दुक्कन्तउ गिरिवर सिहर कम्पिओ
806,हअगअपाअघाअ उतउ धूलिहि गअण झम्पिओ ॥ // फ्राफि.१५५ [दोअइ = द्विपदी]
807,
808,[[अथ झुल्लण-झूलना-छन्दः]]
809,पढम दह दिज्जिआ पुण वि तह किज्जिआपुण वि दह सत्त तह विरइ जाआ ।
810,एम परि बि बिहु दलमत्त सततीस पलएहु कहु झुलणा णाअराआ ॥ // फ्राफि.१५६
811,
812,
813,[प. ७५]
814,[जहा]
815,सहस मअमत्त गअ लाख लख पक्खरिअ
816,साहि दुइ साजि खेलन्त गिन्दू ।
817,कोप्पि पिअ जाहि तह थप्पि जसु विमल महि
818,जिणइ णहि कोइ तुह तुलुक हिन्दू ॥ // फ्राफि.१५७
819,
820,
821,[प. ७६]
822,[[खञ्जा छन्दः]]
823,धुअ धरिअ दिअवर णव गण कमलणअणि
824,बुहअण मण सुहइ जु जिम ससि रअणि सोहए ।
825,पुण विअ विरइ बिहु पअ गअवरगमणि
826,रगण पर फणिवइ भण सुमरु बुहअण मोहए ॥ // फ्राफि.१५८
827,
828,बिहु दल णव पल विप्पगण जोहल अन्त ठवेहु ।
829,मत्त इआलिस खञ्ज पअ दहगण तत्थ मुणेहु ॥ // फ्राफि.१५९
830,
831,
832,[प. ७७]
833,[जहा]
834,अहि ललइ महि चलइ गिरि खसइ हर खलइ
835,ससि घुमइ अमिअ वमइ मुअल जिवि उट्टए ।
836,पुणु धसइ पुणु खसइ पुणु ललइ पुणु घुमइ
837,पुणु वमइ जिविअ विविह परि समर दिट्ठए ॥[खञ्जा // फ्राफि.१६०
838,
839,[[अथ सिखा-शिखा-छन्द].]
840,ससिवअणि गअगमणि पअ पअ दिअ छगण पअहर सह सिक्ख ।
841,पढ पढम बि बिह लहु पअलि दिअगण सहिअ जुअल दल भणइ स सिक्ख ॥ // फ्राफि.१६१
842,
843,
844,[प. ७८]
845,मत्त अठाइस पढमे बीए बत्तीस मत्ताई।
846,पअ पअ अन्ते लहुआ सुद्धा सिक्खा विआणेहु ॥ // फ्राफि.१६२ [गाहू]
847,
848,[जहा]
849,फुलिअ महु भमर बहु रअणिपहुकिरण लहु अवअरु वसन्त ।
850,मलअगिरि कुहर धरि पवण वहसहव कह सुण सहि णिअल णहि कन्त ॥[शिखा // फ्राफि.१६३
851,
852,
853,[प. ७९]
854,[[माला छन्द]]
855,पढम चरण ससिवअणि मिअणअणि णव दिअगण
856,पअल पुण वि तह रअण ठवहु अन्तए कण्णो ।
857,पिङ्गल णाअ भणन्ता माला सेसं पि गाहम्म ॥ // फ्राफि.१६४
858,
859,पढम होइ णव विप्पगण जोहल कण्ण ठवेहु ।
860,गाहा अद्धा अन्त दइ माला छन्द कहेहु ॥ // फ्राफि.१६५
861,
862,
863,[प. ८०]
864,[जहा;]
865,बरिस जल भमइ घण गअण सिअल पवण मणहरण
866,कणअपिअरि णचइ विजुरि फुल्लिआ णीवा ।
867,पत्थरवित्थरहिअला पिअला णिअलं ण आवेइ ॥ // फ्राफि.१६६ [माला]
868,
869,[[चुलिआला छन्दः]]
870,चुलिआला जइ देह किमु दोहा उप्पर मत्तह पञ्चइ ।
871,पअ पअ उप्पर संठवहु सुद्ध कुसुमगण अन्तह दिज्जइ ॥ // फ्राफि.१६७
872,
873,
874,[प. ८१]
875,दोहा सङ्खा संठहु उम्परि पञ्चइ मत्त ।
876,अट्ठदहुप्परि बीस दुइ चुलिआला उक्खित्त ॥ // फ्राफि.१६८
877,
878,[जहा]
879,राआ लुद्ध समाज खल बहु कलहारिणि सेवक धुत्तउ ।
880,जीवण चाहसि मुक्ख जइ परिहरु घर जइ बहुगुणजुत्तउ ॥[चुलिआला // फ्राफि.१६९
881,
882,[[अथ सोटुआ छन्दः ]]
883,सो सोरट्ठउ जाणजं दोहा विपरीअ ठिअ ।
884,पअ पअ जमक वखाणणाअराअ पिङ्गल कहिअ ॥ // फ्राफि.१७०
885,
886,[जहा]
887,सो माणिअ पुणवन्तजासु भत्त पंडिअ तणअ ।
888,जासु घरिणि गुणवन्तिसो वि पुहवि सग्गह णिलअ ॥ // फ्राफि.१७१ [सोरठा]
889,
890,
891,[प. ८२]
892,[[अथ हाकलि छन्दः]]
893,सगणा भगणा दिअगणईमत्त चउद्दह पअ पलई ।
894,संठइ वङ्को विरह तहा हाकलि रूअउ एहु कहा ॥ // फ्राफि.१७२
895,
896,मत्त चउद्दह पढम दल एआरह वण्णेहि ।
897,दुह अक्खर उत्तर दलहि हाकलि छन्द कहेहि ॥ // फ्राफि.१७३ [दोहा]
898,
899,[जहा]
900,उच्चउ छाअण विमल धरा तरुणी घरिणी विणअपरा ।
901,वित्तक पूरल मुद्दहरा वरिसा समआ सुक्खकरा ॥ // फ्राफि.१७४ [हाकलि]
902,
903,
904,[प. ८३]
905,[[अथ मधुभारच्छन्द]]
906,जसु पलइ सक्ख पअहरह एक ।
907,चउमत्त बे वि महुभार एवि ॥ // फ्राफि.१७५
908,
909,[जहा]
910,जसु चन्द सीस पिन्धणह दीस ।
911,सो सम्भु एउ तुह सुब्भ देउ ॥ // फ्राफि.१७६ [मधुभार]
912,
913,
914,[प. ८४]
915,[[अथ आभीरच्छन्दः]]
916,गारह मत्त करीज अन्त पओहर दीज।
917,एहु सुछन्द अहीर जङ्घइ पिङ्गल वीर ॥ // फ्राफि.१७७
918,
919,[जहा]
920,सुन्दरि गुज्जरि णारि लोअण दीह विसारि ।
921,पीण पओहरभार लोलइ मोत्तिअहार ॥ // फ्राफि.१७८ [अहीर]
922,
923,[[अथ दण्डकच्छन्दः]
924,कुन्तअरु धणुद्धरु हअवरु छक्कलु बि बि पाइक्क दले
925,बत्तीसह मत्तह पअ सुपसिद्धउ जाणह बुहअण हिअअतले ।
926,सउबीस अठग्गल कल सम्पुण्णउ रूअउ फणि भासिअ भुअणे
927,दंडअल णिरुत्तउ गुरु सञ्जुत्तउ पिङ्गल अं जपन्त मणे ॥ // फ्राफि.१७९
928,
929,
930,[प. ८५]
931,[जहा]
932,राअह भग्गन्ता दिअ लग्गन्ता परिहरि हअ गअ घर घरिणी
933,लोरहĩ भरु सरवरु पअ परु परिकरु लोट्टई पिट्टइ तणु धरणी ।
934,पुणु उट्ठइ सम्भलि कर दन्तङ्गुलि बाल तणअ कर जमल करे
935,कासीसर राआ णेहलु काआ करु माआ पुणु थप्पि धरे ॥ // फ्राफि.१८० [दंडकल]
936,
937,
938,[प. ८६]
939,सिर देह चउ मत्तलहु एक कर अन्त ।
940,कुन्तेक्क तसु मज्झदीपक्क सो बुज्झ ॥ // फ्राफि.१८१
941,
942,[जहा]
943,जसु हत्थ करवाल विप्पक्खकुलकाल ।
944,सिर सोह वर छत्त सम्पुण्णससिमत्त ॥[दीपक // फ्राफि.१८२
945,
946,[[अथ सिंहावलोकच्छन्दः]]
947,गण विप्प सगण धरि पअह पअंभण सिंहअलोअण छन्द वरं ।
948,गुणि गण मण बुज्झहु णाअ भणाणहि जगणु ण भगणु ण कण्ण गणा ॥ // फ्राफि.१८३
949,
950,
951,[प. ८७]
952,विप्प सगण पअ बे वि गण अन्त विसज्जहि हार ।
953,पच्छा हेरि कइत्त करु सोलह कल पत्थार ॥ // फ्राफि.१८४
954,
955,[जहा]
956,हणु उज्जर गुज्जर राअबलंदल दलिअ चलिअ मरहट्ठबलं ।
957,बल मोलिअ मालवराअकुलाकुल उज्जल कलचुलि कण्ण फुला ॥ // फ्राफि.१८५ [सिंहावलोक]
958,
959,[[अथ प्लवङ्गमच्छन्दः]]
960,जत्थ पढम छअ मत्त पअप्पअ दिज्जएपञ्चमत्त चउमत्त गणा णहि किज्जए।
961,सम्भलि अन्त लहू गुरु एक्कक चाहएमुद्धि पअङ्गम छन्द विअक्खण सोहए ॥ // फ्राफि.१८६
962,
963,
964,[प. ८८]
965,पअ पअ आइहि गुरुआ पिङ्गल पभणेइ सअल णिब्भन्ती ।
966,छन्द पवङ्गम दिट्ठो मत्ताणं एकबीसन्ती ॥ // फ्राफि.१८७ [गाहा]
967,
968,तिक्कलु चउकल पञ्चकल तिअ गण दूर करेहु ।
969,छक्कलु तिणि पलन्त जेहि लहु गुरु अन्त मुणेहु ॥१८७ का // फ्राफि.१८७अ [दोहा]
970,
971,[जहा]
972,णच्चइ चञ्चल विज्जुलिआ सहि जाणएमम्मह खग्ग किणीसइ जलहरसाणए ।
973,फुल्ल कलम्बअ अम्बर डम्बर दीसएपाउस पाउ घणाघण सुमुहि वरीसए ॥ // फ्राफि.१८८ [प्लवङ्गम]
974,
975,[[अथ लीलावतीच्छन्दः]]
976,गुरु लहु णहि णिम्म णिम्म णहि अक्खर पलइ पओहर विसम समं
977,जहि कहुँ णहि णिम्मह तरल तुरअ जिमि परस विदिस दिस अगमगमं ।
978,गण पञ्च चउक्कल पलइ णिरन्तर अन्त सगण धुअ कन्त गणं
979,परिचलइ सुपरि परि लील लिलावइ कल बत्तीस विसामकरं ॥ // फ्राफि.१८९
980,
981,
982,[प. ८९]
983,[जहा]
984,घर लग्गइ अग्गि जलइ धह धह कइ दिग मग णहपह अणल भरे
985,सव दीस पसरि पाइक्क लुलइ धणि थणहर जहण दिआव करे ।
986,भअ लुक्किअ थक्किअ वहरि तरुणिजण भइरव भेरिअ सद्द पले
987,महि लाइ पट्टइ रिउसिर टुट्टइ जक्खण वीर हमीर चले ॥ // फ्राफि.१९० [लीलावती]
988,
989,
990,[प. ९०]
991,[[अथ हरिगीता छन्दः]]
992,गण चारि पञ्चक्कल ठविज्जसु बीअ ठामहि छक्कलो
993,पअ पअह अन्तहि गुरु करिज्जसु वण्णणेण सुसव्वलो ।
994,दह चारि दुक्कड दहदु माणहु मत्त ठाइस पाअओ
995,हरिगीअ छन्द पसिद्ध जाणहु पिङ्गलेण पआसिओ ॥ // फ्राफि.१९१
996,
997,बीए छक्कलु ठावि कहु चारि पञ्चक्कल देहु ।
998,बारह उत्तर मत्त सउ माणसु अङ्ग ठवेहु ॥ // फ्राफि.१९२
999,
1000,[जहा]
1001,गअ गअहि दुक्किअ तरणि लुक्किअ तुरअ तुरअहि जुज्झिआ
1002,रह रहहि मीलिअ धरणि पीडिअ अप्प पर णहि बुज्झिआ ।
1003,बल मिलिअ आइअ पत्ति धाइउ कम्प गिरिवरसीहरा
1004,उच्छलइ साअर दीण काअर वइर वड्डिअ दीहरा ॥ // फ्राफि.१९३ [हरिगीता]
1005,
1006,
1007,[प. ९१]
1008,[[अथ त्रिभङ्गी छन्द]]
1009,पढमं दह रहणं अट्ठवि रहणं पुणु वसु रहणं रसरहणं
1010,अन्ते गुरु सोहइ महिअल मोहइ सिद्ध सराहइ वरतरुणं ।
1011,जइ पलइ पओहर किमइ मणोहर हरइ कलेवर तासु कई
1012,तिब्भङ्गी छन्दं सुक्खाणन्दं भणइ फर्णिदो विमलमई ॥ // फ्राफि.१९४
1013,
1014,[जहां]
1015,सिर किज्जिअ गङ्गं गोरि अधङ्गं हणिअअणङ्गं पुरदहणं
1016,किअफणिवइहारं तिहुअणसारं वन्दिअछारं रिउमहणं ।
1017,सुरसेविअचरणं मुणिगणसरणं भवभअहरणं सूलधरं
1018,साणन्दिअवअणं सुन्दरणअणं गिरिवरसअणं णमह हरं ॥ // फ्राफि.१९५ [त्रिभङ्गी]
1019,
1020,
1021,[प. ९२]
1022,[[अथ दुर्मिला छन्दः]]
1023,तीस दुइ मत्तह एरि सँजुत्तह बुहअण राअ भणन्ति णरा
1024,विसम तिअ ठामहि एरिस भाअहि पअ पअ दीसइ कण्ण घरा ।
1025,ता दह पढम ढावे अट्ठ अं तीअ चउद्दह किअ णिलओ
1026,जो एरिसि छन्दे तिहुअणवन्दे सो जण बुज्झउ दुम्मिलओ ॥ // फ्राफि.१९६
1027,
1028,दह वसु चउदह विरह करु विसम कण्ण गण देहु ।
1029,अन्तर विप्प पइक्क गण दुम्मिल छन्द कहेहु ॥ // फ्राफि.१९७ [दोहा]
1030,
1031,[जहा]
1032,जइ किज्जिअ धाला जिण्णु णिवाला भाटुन्ता पिट्टेत चले
1033,भञ्जाविअ चीणा दप्यहि हीणा लोहावल हाकन्द पले ।
1034,आड्डा उड्डाविअ कित्ती पाविअ मोडिअ मालवराअबले
1035,तेलङ्गा भग्गिअ बहुरिण लग्गिअ कासीराआ ज खण चले ॥ // फ्राफि.१९८ [दुर्मिला]
1036,
1037,
1038,[प. ९३]
1039,[[अथ हीरच्छन्दः]]
1040,णाअ पभण तिण्णि छगण अन्त करहि जोहलं
1041,हार ठविअ पुणु वि सुपिअ विप्पगणहि सव्वलं ।
1042,तिणि धरहि बे वि करहि अन्त रगण लक्खए
1043,कोइ जणइ दप्प भणइ हीर सुकइ पक्खए ॥ // फ्राफि.१९९
1044,
1045,हार सुपिअ भण विप्पगण तीए भिण्ण सरीर ।
1046,जोहल अन्ते संठवहु तेइस मत्तह हीर ॥ // फ्राफि.२०० [दोहा]
1047,
1048,[जहा]
1049,धिक्कदलण थोङ्गदलण तक तरुण रिङ्गए
1050,णं ण णु कट दिङ्ग दुकट रङ्ग चल तुरङ्ग ए ।
1051,धूलि धवल हक्क सबल पक्खिपबल पत्तिए ।
1052,कण्ण चलइ कुम्म ललइ भुम्मि भरइ कित्तिए ॥ // फ्राफि.२०१ [हीर]
1053,
1054,
1055,[प. ९४]
1056,[[अथ जलहरणच्छन्दः]]
1057,पअ पढम पलइ जहĩ सुणहि कमलमुहि दह वसु पुणु वसु विरड करे
1058,सब पअ मुणि दिअगण दिअ विरम सगण सिरिफणिवइ भण सुकइवरे ।
1059,दह तिगुण करहि कल पुण वि धरि जुअल एम परि परिठउ चउचरणा
1060,जइ पलइ कवहु गुरु कवहु ण परिहरु बुहअण मणहरु जलहरणा ॥ // फ्राफि.२०२
1061,
1062,बत्तीस होइ मत्ता अन्ते सगणाĩ ठावेहि ।
1063,सव्व लहू जइ गुरुआएक्को वा बे वि पाएहि ॥ // फ्राफि.२०३ [गाहू]
1064,
1065,[जहा]
1066,खुर खुर खुदि खुदि महि घघर रख कलइ णणणगिदि करि तुरअ चले
1067,टटटगिदि पलइ टपु धसइ धरणि धर चकमक कर बहु दिसि चमले ।
1068,
1069,[प. ९५]
1070,चलु दमकि दमकि दलु चल पइकबलु घुलकि घुलकि करिवर ललिआ
1071,वद मणुसअल करइ विपख हिअअ सल हमिर वीर जब रण चलिआ ॥ // फ्राफि.२०४ [जलहरण]
1072,
1073,[[अथ मअणहरा छन्दः]]
1074,पिअ भणमि मणोहरु पल्लि पओहरु सुहव सुहाव सुसिद्ध खणो थिर करहि मणो
1075,जइ राअ विवत्तिउ अणुसर खत्तिअ कट्ठिकए बहि छन्द भणो जिम खलइ रिणो ।
1076,बि बि सल्ल पहिल्लिअ तुरअ वहिल्लिअ हअ गअ पअ पसरन्त धरा गुरु सज्जिकरा
1077,जइ जग्गि णिरुत्तउ दहगणजुत्तउ चउ सन्धिहि चालीस धरा भणु मअणहरा ॥ // फ्राफि.२०५
1078,
1079,
1080,[प. ९६]
1081,बे वि मत्त सिर ठावि कहु वलआ अन्त ठवेहु ।
1082,णव चउकल गण मज्झ धरि मअणहराĩ करेहु ॥ // फ्राफि.२०६
1083,
1084,[जहा]
1085,जिणि कंस विणासिअ कित्ति पआसिअ मुट्ठि अरिट्टि विणास करे गिरि हत्थ धरे
1086,जमलज्जुण भञ्जिअ पअभर गञ्जिअ कालिअ कुल संहार करे जस भुअण भरे ।
1087,चाणूर विहंडिअ णिअकुल मंडिअ राहामुह महुपाण करे जिमि भमरवरे
1088,सो तुम्ह णराअण विष्पपराअण चित्तह चिन्तिअ देउ वरा भअभीअहरा ॥ // फ्राफि.२०७
1089,
1090,चउसन्धिहि चालीस कल दह गण तत्थ मुणेहु ।
1091,पअहर वज्जिअ हे सुपिअ मअणहराĩ कुणेहु ॥ // फ्राफि.२०७
1092,
1093,
1094,[प. ९७]
1095,[[अथ मरहट्ठा छन्दः]]
1096,एहु छन्द सुलक्खण भणइ विअक्खण जम्पइ पिङ्गल णाउ
1097,विसमइ दह अक्खर पुणु अट्ठक्खर पुणु एगारह ठाउ ।
1098,गण आइहि छक्कलु पञ्च चउक्कुलु अन्त गुरु लहु देहु
1099,सउ सोलह अग्गल मत्त समग्गल भण मरहट्ठा एहु ।२०८॥ // फ्राफि.२०८
1100,
1101,[जहा]
1102,जसु मित्त धणेसा ससुर गिरीसा तह विहु पिन्धण दीस
1103,जइ अमिअह कन्दा णिअलहि चन्दा तह विहु भोअण वीस ।
1104,जइ कणअ सुरङ्गा गोरि अधङ्गा तह विहु डाकिणि सङ्ग
1105,जो जस हि दिआवा देव सहावा कबहु ण हो तसु भङ्ग ॥ // फ्राफि.२०९
1106,
1107,
1108,[प. ९८]
1109,[[उक्त मात्रिक छन्दों की अनुक्रमणिका]]
1110,"गाहू, गाहा, विगाहा, उग्गाहा, गाहिणी, सीहिणी, खन्धा, दोहा, उक्कच्छा, रोला, गन्धाण, चउपइआ, घत्ता, घत्ताणन्द, छप्याआ, पज्झडिआ, अडिल्ला, पाआउलअं, चउबोला, णउपअ, पउमावत्ती, कुंडलिआ, गअणङ्गउ, दोअई, झुलणा, खञ्जपअ, सिक्खा, माला, चुलिआला, सोरद्धा, हाकलि, महुआर, महारु, दंडअरु, दीपक, सिंहालोअ, पवङ्गा, लीलावइ, हरिगीआ, तिअभङ्गी, दुम्मिला, हीरो, जनहरणी, मअणहरा, मरहट्ठा पचतालीस धरा ।"
1111,इति मत्तावित्त परिच्छेओ ।
1112,
1113,
1114,---------------------------------------------------------------------
1115,
1116,[प. ९९]
1117,[अह वण्णवित्ताणि]
1118,
1119,सी (श्री) सो।
1120,जं गो ॥ // फ्राफि.१
1121,
1122,[जहा]
1123,गोरी ।
1124,रक्खो ॥ // फ्राफि.२
1125,
1126,दीहा बीहा।
1127,कामो रामो ॥ // फ्राफि.३
1128,
1129,[जहा]
1130,जुज्झे तुझे।
1131,सुब्भं देऊ ॥ // फ्राफि.४ [काम]
1132,
1133,
1134,[प. १००]
1135,[मधु छन्दः]
1136,लहु जुअ।
1137,महु हुअ ॥ // फ्राफि.५
1138,
1139,[जहा]
1140,हर हर ।
1141,मम मल ॥(मधु) // फ्राफि.६
1142,
1143,[मही छन्दः]
1144,लगो जही।
1145,मही कही ॥ // फ्राफि.७
1146,
1147,[जहा]
1148,सई उमा ।
1149,रखो तुमा ॥ // फ्राफि.८ [मही]
1150,
1151,[सारु छन्दः]
1152,सारु एह ।
1153,गो वि रेह ॥ // फ्राफि.९
1154,
1155,
1156,[प. १०१]
1157,[जहा]
1158,सम्भु एउ।
1159,सुब्भ देउ ॥ // फ्राफि.१० [सारु]
1160,
1161,[त्र्यक्षर छन्दताली छन्दः]
1162,ताली ए जाणीए ।
1163,गो कण्णो तिव्वण्णो ॥ // फ्राफि.११
1164,
1165,[जहा]
1166,तुम्हाणं अम्हाणं ।
1167,चंडेसो रक्खे सो ॥ // फ्राफि.१२ [ताली]
1168,
1169,[प्रिया छन्द:]
1170,हे पिए लेक्खिए ।
1171,अक्खरे तिण्णि रे ॥ // फ्राफि.१३
1172,
1173,
1174,[प. १०२]
1175,[जहा]
1176,सङ्करो सङ्करो ।
1177,पाउ णो पाउ णो ॥ // फ्राफि.१४ [प्रिया]
1178,
1179,[शशी छन्दः]
1180,ससी यो जणीयो ।
1181,फणिदो भणीओ ॥ // फ्राफि.१५
1182,
1183,भवाणी हसन्ती।
1184,दुरित्तं हरन्ती ॥ // फ्राफि.१६ [शशी]
1185,
1186,
1187,[प. १०३]
1188,[रमण छन्दः]
1189,सगणो रमणो ।
1190,सहिओ कहिओ ॥ // फ्राफि.१७
1191,
1192,[जहा]
1193,ससिणा रअणी ।
1194,पडणा तरुणी ॥ // फ्राफि.१८ [रमण]
1195,
1196,[पञ्चाल छन्दः]
1197,तक्कार जं दिदु ।
1198,पञ्चाल उक्विट्ठ ॥ // फ्राफि.१९
1199,
1200,[जहा]
1201,सो देउ सुक्खाई।
1202,सङ्घारि दुक्खाĩ ॥ // फ्राफि.२०
1203,
1204,
1205,[प. १०४]
1206,[म्र̥गेन्द्र छन्दः]
1207,णरेन्द ठवेहु ।
1208,मिएन्द कहेहु ॥ // फ्राफि.२१
1209,
1210,[जहा]
1211,दुरन्त वसन्त ।
1212,स कन्त दिगन्त ॥ // फ्राफि.२२ [म्र̥गेन्द्र]
1213,
1214,[मन्दर छन्दः]
1215,भो जहि सो सहि।
1216,मन्दर सुन्दर ॥ // फ्राफि.२३
1217,
1218,[जहा]
1219,सो हर तोहर ।
1220,सङ्कट संहर ॥ // फ्राफि.२४ [मन्दर]
1221,
1222,[कमल छन्दः]
1223,कमल पभण ।
1224,सुमुहि णगण ॥ // फ्राफि.२५
1225,
1226,
1227,[प. १०५]
1228,[जहा]
1229,सुन्दर ।
1230,रमण गमण ।
1231,कमण कमण ॥ // फ्राफि.२६ [कमल]
1232,
1233,[चतुरक्षर छन्दतीर्णा छन्द:]
1234,चारी हारा अट्ठा काला ।
1235,बीए कण्णा जाणे तिण्णा ॥ // फ्राफि.२७
1236,
1237,जाआ माआ पुत्तो धुत्तो ।
1238,इण्णे जाणी किज्जे जुत्तो ॥ // फ्राफि.२८ [तीर्णा]
1239,
1240,[धारी छन्दः]
1241,वण्ण चारि मुद्धि धारि ।
1242,बिणि हार दो वि सार ॥ // फ्राफि.२९
1243,
1244,
1245,[प. १०६]
1246,[जहा]
1247,देउ देउ सुब्भ देउ।
1248,जासु सीस चन्द दीस ॥ // फ्राफि.३० [धारी]
1249,
1250,[नगाणिका छन्दः]
1251,पओहरो गुरुत्तरो ।
1252,णगाणिआ स जाणिआ ॥ // फ्राफि.३१
1253,
1254,[जहा]
1255,सरस्सई पसण्ण हो ।
1256,कवित्तआ फुरन्तआ ॥ // फ्राफि.३२ [नगाणिका]
1257,
1258,[पञ्चाक्षर प्रस्तारसर्वगुरु संमोहा छन्दः]
1259,संमोहारूअं दिट्ठो सो भूअं ।
1260,बे कण्णा हारा भूअन्तासारा ॥ // फ्राफि.३३
1261,
1262,
1263,[प. १०७]
1264,[जहा]
1265,उदंडा चण्डी दूरित्ताखण्डी ।
1266,तल्लाका साक्खं देऊ मे मोक्खम ॥ // फ्राफि.३४ [संमोहा]
1267,
1268,[हारी छन्दः]
1269,आईहि अन्ते हारे सजुत्ते ।
1270,मझक्कगन्धो हारी अ छन्दो ॥ // फ्राफि.३५
1271,
1272,[जहा]
1273,जा भत्तिभत्ता धम्मक्कचित्ता ।
1274,सा होइ णारी धण्णा पिआरी ॥ // फ्राफि.३६ [हारी]
1275,
1276,[हंस छन्दः]
1277,पिङ्गल दिह्रो भ इ सिट्ठो ।
1278,कण्णदु दिज्जो हंस मुणिज्जो ॥ // फ्राफि.३७
1279,
1280,
1281,[प. १०८]
1282,[जहा]
1283,सो मह कन्ता दूर दिगन्ता ।
1284,पाउस आवे चेउ चलावे ॥ // फ्राफि.३८ [हंस]
1285,
1286,[यमक छन्दः]
1287,सुपिअगण सरस गुण ।
1288,सरह गण जमअ भण ॥ // फ्राफि.३९
1289,
1290,[जहा]
1291,पवण वह सरिर दह ।
1292,मअण हण तवइ मण ॥ // फ्राफि.४० [यमक]
1293,
1294,[षडक्षर छन्दःप्रस्तार; शेष छन्दः]
1295,बाराहा मत्ता जं कण्णा तिण्णा होत्तं ।
1296,हारा छक्का बन्धो सेसा राआ छन्दो ॥ // फ्राफि.४१
1297,
1298,
1299,[प. १०९]
1300,[जहा]
1301,जुज्झन्ती उद्दामे कालिका सङ्गामे ।
1302,णच्चन्ती हम्मारो दूरित्ता संहारो ॥ // फ्राफि.४२ [सेस]
1303,
1304,[तिल्ल (तिलका) छन्दः]
1305,पिअ तिल्ल धुअं सगणेण जुअं।
1306,छह वण्ण पओ कल अट्ठ धओ ॥ // फ्राफि.४३
1307,
1308,[जहा]
1309,पिअ भत्ति पिआ गुणवन्त सुआ ।
1310,धणजुत्त घरा बहु सुक्खकरा ॥ // फ्राफि.४४ [तिल (का)]
1311,
1312,[विज्जोहा छन्दः]
1313,अक्खरा जे छआ पाअ पाअ द्विआ ।
1314,मत्त पञ्चादुणा बिपिण जोहा गणा ॥ // फ्राफि.४५
1315,
1316,
1317,[प. ११०]
1318,[जहा]
1319,कंससंहारणा पक्खिसञ्चारणा ।
1320,देवईडिभआ देउ मे णिब्भआ ॥ // फ्राफि.४६ [विज्जोहा) (विमोहा ?)]
1321,
1322,[चतुरंसा छन्दः]
1323,ठउ चउरंसा फणिवइ भासा ।
1324,दिअवर कण्णो फुलरसवण्णो ॥ // फ्राफि.४७
1325,
1326,[जहा]
1327,गउरिअकन्ता अभिणउ सन्ता ।
1328,जई परसण्णा दिअ महि धण्णा ॥ // फ्राफि.४८
1329,
1330,[जहा वा]
1331,भुअणअणन्दो तिहुअणकन्दो।
1332,भमरसवण्णो स जअइ कण्हो ॥ // फ्राफि.४९ [चतुरंसा]
1333,
1334,
1335,[प. १११]
1336,[मन्थान छन्दः]
1337,कामावआरेण अद्वेण पाएण ।
1338,मत्ता दहा सुद्ध मन्थाण सो बुद्ध ५०॥ // फ्राफि.५०
1339,
1340,[जहा]
1341,राआ जहा लुद्ध पंडीअ सो मुद्ध ।
1342,कित्ती करे रक्ख सो वाद उप्पक्ख ॥ // फ्राफि.५१ [मन्थाण=मन्थान]
1343,
1344,[शङ्खनारी छन्दः]
1345,खडावण्णबद्धो भुअङ्गापअद्धो ।
1346,पआ पाअ चारी कही सङ्खणारी ॥ // फ्राफि.५२
1347,
1348,[जहा]
1349,गुणा जस्स सुद्धा वह रूअमुद्धा ।
1350,घरे वित्त जग्गा मही तासु सग्गा ॥ // फ्राफि.५३ [सङ्खणारी शङ्खनारी]
1351,
1352,
1353,[प. ११२]
1354,[मालती छन्दः]
1355,धअं सर बीअ मणीगुण तीअ ।
1356,दई लहु अन्त स मालइ कन्त ॥ // फ्राफि.५४
1357,
1358,[जहा]
1359,करा पसरन्त बहू गुणवन्त ।
1360,पफुल्लिअ कुन्द उगो सहि चन्द ॥ // फ्राफि.५५ [मालइ मालती]
1361,
1362,[दमनक छन्दः]
1363,दिअवर किअ भणहि सुपिअ ।
1364,दमणअ गुणि फणिवइ भणि ॥ // फ्राफि.५६
1365,
1366,
1367,[प. ११३]
1368,[जहा]
1369,कमलणअणि अमिअवअणि ।
1370,तरुणि धरणि मिलइ सुपुणि ॥ // फ्राफि.५७ [दमणक = दमनक]
1371,
1372,[सप्ताक्षर प्रस्तरासमानिका छन्दः]
1373,चारि हार किज्जही तिणि गन्ध दिज्जही ।
1374,सत्त अक्खरा ठिआ सा समाणिआ पिआ ॥ // फ्राफि.५८
1375,
1376,[जहा]
1377,कुञ्जरा चलन्तआ पव्वआ पलन्तआ ।
1378,कुम्मपिट्टि कम्पए धूलि सूर झम्पए ॥ // फ्राफि.५९ [समाणिआ समानिका]
1379,
1380,
1381,[प. ११४]
1382,[सुवास छन्दः]
1383,भणउ सुवासउ लहु सुविसेसउ ।
1384,रचि चउ मत्तह भ लहइ अन्तह ॥ // फ्राफि.६०
1385,
1386,[जहा]
1387,गुरुजणभत्तउ बहु गुणजुत्तउ ।
1388,जसु जिअ पुत्तउ स इ पुणवन्तउ ॥ // फ्राफि.६१ [सुवास]
1389,
1390,[करहञ्च छन्दः]
1391,चरण गण विप्य पढम लइ थप्य ।
1392,जगण तसु अन्त मुणहु करहञ्च ॥ // फ्राफि.६२
1393,
1394,[जहा]
1395,जिवउ जह एह तजउ गेइ देह ।
1396,रमण जइ सो इ विरह जणु होइ ॥ // फ्राफि.६३ [करहञ्च]
1397,
1398,
1399,[प. ११५]
1400,[शीर्षरूपक छन्दः]
1401,सत्ता दीहा जाणेही कण्णा ती गो माणेही ।
1402,चाउद्दाहा मत्ताणा सीसारूओ छन्दाणा ॥ // फ्राफि.६४
1403,
1404,[जहा]
1405,चन्दा कुन्दा ए कासा हारा हीरा ए हंसा ।
1406,जे जे सत्ता वण्णीआ तुम्हा कित्ती जिण्णीआ ॥ // फ्राफि.६५ [सीसरूपक शीर्षरूपक]
1407,
1408,[अष्टाक्षरप्रस्तार विद्युन्माला:]
1409,विज्जूमाला मत्ता सोलापाए कण्णा चारी लोला ।
1410,एअं अं चारी पाआभत्ती खत्ती णाआराआ ॥ // फ्राफि.६६
1411,
1412,
1413,[प. ११६]
1414,[जहा]
1415,उम्मत्ता जोहा दुक्कन्ता विप्पक्खा मज्झे लुक्वन्ता ।
1416,णिकन्ता जन्ता धावन्ता णिब्भन्ती कित्ती पावन्ता ॥ // फ्राफि.६७ [विद्युन्माला]
1417,
1418,[प्रमाणिका छन्दः]
1419,लहू गुरु निरन्तरा पमाणिआ अठक्खरा ।
1420,पमाणि दूण किज्जिए णराअ सो भणिज्जए ॥ // फ्राफि.६८
1421,
1422,[जहा]
1423,णिसुम्भसुम्भखंडिणी गिरीसगेहमंडिणी ।
1424,पअंडमुंडखंडिआ पसण्ण होउ चंडिआ ॥ // फ्राफि.६९ [प्रमाणिका]
1425,
1426,[मल्लिका छन्दः]
1427,हारगन्धबन्धुरेण दिटु अट्ठ अक्सरेण ।
1428,बारहाइ मत्त जाण मल्लिआ सुछन्द माण ॥ // फ्राफि.७०
1429,
1430,
1431,[प. ११७]
1432,[जहा]
1433,जेण जिण्णु खत्ति वंस रिट्टि मुट्टि केसि कंस ।
1434,बाणपाणि कट्टिएउ सोउ तुम्ह सुक्ख देउ ॥ // फ्राफि.७१ [मल्लिका]
1435,
1436,[तुङ्ग छन्दः]
1437,तरलणअणि तुङ्गो पढमरस सुरङ्गो ।
1438,णगण जुअल बद्धो गुरु जुअल पसिद्धो ॥ // फ्राफि.७२
1439,
1440,[जहा]
1441,कमलभमरजीवो सअलभुअणदीवो ।
1442,दलिअतिमिरडिम्बो उअइ तरणिबिम्बो ॥ // फ्राफि.७३ [तुङ्ग]
1443,
1444,[कमल छन्दः]
1445,पढम गण विप्पओ बिहु तह णरिन्दओ।
1446,गुरु सहिअ अन्तिणा कमल इम भन्तिणा ॥ // फ्राफि.७४
1447,
1448,
1449,[प. ११८]
1450,[जहा]
1451,स जअई जणदणा असुरकुलमद्दणा ।
1452,गरुडवरवाहणा बलिभुअणचाहणा ॥ // फ्राफि.७५ [कमल]
1453,
1454,[नवाक्षरप्रस्तारमहालक्ष्मी छन्दः]
1455,दिटु जोहा गणा तिण्णिआणाअराएण जा विण्णिआ ।
1456,मास अद्धेण पाअ ट्ठिअं जाण मुद्धे महालच्छिअं ॥ // फ्राफि.७६
1457,
1458,[जहा]
1459,मुंडमाला गला कंठिआ णाअराआ भुआ संठिआ ।
1460,वग्घछाला किआ वासणा चंडिआ पाउ सिंहासणा ॥ // फ्राफि.७७ [महालक्ष्मी]
1461,
1462,
1463,[प. ११९]
1464,[सारङ्गिका छन्दः]
1465,दिअवर कण्णो सअणंपअ पअ मत्तागणणं ।
1466,सुर मुणि मत्ता लहिअं सहि सरगिक्का कहिअं ॥ // फ्राफि.७८
1467,
1468,[जहा]
1469,हरिणसरिस्सा णअणा कमलसरिस्सा वअणा ।
1470,जुअजणचित्ताहरिणी पिअसहि दिट्ठा तरुणी ॥ // फ्राफि.७९ [सारङ्गिका]
1471,
1472,[पाइत्ता छन्दः]
1473,कुन्ती पुत्ता जुअ लहिअं तीए विप्यो धुअ कहि ।
1474,अन्ते हारो जह जणिअं तं पाइत्ता फणिभणिअं ॥ // फ्राफि.८०
1475,
1476,
1477,[प. १२०]
1478,[जहा]
1479,फुल्ला णीवा भम भमरा दिट्ठा मेहा जलसमला ।
1480,णच्चे विज्जू पिअसहिआ आवे कन्ता कहु कहिआ ॥ // फ्राफि.८१ [पाइत्ता]
1481,
1482,[कमल छन्दः]
1483,सरसगणरमणिआ दिअवर जुअ पलिआ ।
1484,गुरु धरिअ पइपओ दहकलअ कमलओ ॥ // फ्राफि.८२
1485,
1486,[जहा]
1487,चल कमलणअणिआ खलिअथणवसणिआ ।
1488,हसइ परणिअलिआ असइ धुअ वहुलिआ ॥ // फ्राफि.८३ [कमल]
1489,
1490,
1491,[प. १२१]
1492,[बिम्ब छन्दः]
1493,रअइ फणि बिम्ब एसो गुरुजुअल सव्वसेसो ।
1494,सिरहि दिअ मज्झ राओ गुणह गुणिए सहाओ ॥ // फ्राफि.८४
1495,
1496,[जहा]
1497,चलइ चल वित्त एसो णसइ तरुणत्तवेसो ।
1498,सुपुरुसगुणेण बद्धा थिर रहइ कित्ति सुद्धा ॥ // फ्राफि.८५ [बिम्ब]
1499,
1500,[तोमर छन्दः]
1501,जसु आइ हत्थ विआण तह बे पओहर जाण ।
1502,पभणेइ णाअणरिन्द इम माणु तोमर छन्द ॥ // फ्राफि.८६
1503,
1504,[जहा]
1505,चलि चूअ कोइलसाव महुमास पञ्चम गाव ।
1506,मण मज्झ वम्मह ताव णहु कन्त अञ्ज वि आव ॥ // फ्राफि.८७ [तोमर]
1507,
1508,
1509,[प. १२२]
1510,[रूपमाला छन्दः]
1511,णाआराआ जम्पे सारा एचारी कण्णा अन्ते हारा ए ।
1512,अट्ठाराहा मत्ता पाआएरूआमाला छन्दा जम्पीए ॥ // फ्राफि.८८
1513,
1514,[जहा]
1515,जं णच्चे विज्जू मेहन्धारा पम्फुल्ला णीपा सद्दे मोरा ।
1516,वाअन्ता मन्दा सीआ वाआकम्पन्ता गाआकन्ता णा आ. ॥ // फ्राफि.८९ [रूपमाला]
1517,
1518,[दशाक्षरप्रस्तारसंयुताछन्दः]
1519,जसु आइ हत्थ विआणिओ तह बे पओहर जाणिओ ।
1520,गुरु अन्त पिङ्गल जम्पिओ सइ छन्द सञ्जुत थप्पिओ ॥ // फ्राफि.९०
1521,
1522,
1523,[प. १२३]
1524,[जहा]
1525,तुह जाहि सुन्दरि अप्पणापरितज्जि दुज्जणथप्पणा ।
1526,विअसन्त केअइसम्पुडा णहु एवि आविअ वप्पुडा ॥ // फ्राफि.९१
1527,
1528,[चम्पकमाला छन्दः]
1529,हार ठवीजे काहलदुज्जे कुन्तिअ पुत्ता ए गुरुजुत्ता ।
1530,हत्थ करीजे हार ठवीजे चम्पअमाला छन्द कहीजे ॥ // फ्राफि.९२
1531,
1532,
1533,[प. १२४]
1534,[जहा]
1535,१
1536,ओग्गरभत्ता रम्भअपत्तागाइक घित्ता दुद्धसजुत्ता ।
1537,मोइणिमच्छा णालिचगच्छादिज्जइ कन्ता खा पुणवन्ता ॥ // फ्राफि.९३ [चम्पकमाला]
1538,
1539,[सारवती छन्दः]
1540,दीह लहू जुअ दीह लहूसारवई धुअ छन्द कहू ।
1541,अन्त पओहर ठाइ धआचाहह मत्त विराम कआ ॥ // फ्राफि.९४
1542,
1543,[जहा]
1544,पुत्त पवित्त बहुत धणाभत्ति कुटुम्बिणि सुद्धमणा ।
1545,हक्क तरासइ भिच्च गणा को कर बब्बर सग्ग मणा ॥ // फ्राफि.९५ [सारवती]
1546,
1547,
1548,[प. १२५]
1549,[सुषमा छन्दः]
1550,कण्णो पढमो हत्थो जुअलोकण्णो तिअलो हत्थो चउथो ।
1551,सोला कलआ छक्का वलआएसा सुसमा दिट्ठा सुसमा ॥ // फ्राफि.९६
1552,
1553,[जहा]
1554,भोहा कविला उच्चा णिअलामज्झे पिअला णेत्ता जुअला ।
1555,रुक्खा वअणा दन्ता विरलाकेसे जिविआ ताका पिअला ॥ // फ्राफि.९७ [सुषमा]
1556,
1557,[अम्र̥तगति छन्दः]
1558,दिअवर हार पिअलिआपुण वि तह ट्ठिअ करिआ ।
1559,वसु लहु बे गुरुसहिआअमिअगई धुअ कहिआ ॥ // फ्राफि.९८
1560,
1561,[जहा]
1562,सरअसुधाअरवअणा विअअसरोरुहणअणा ।
1563,मअगलकुञ्जरगमणी पिअसहि दि८इअ तरुणी ॥ // फ्राफि.९९ [अम्र̥तगति]
1564,
1565,
1566,[प. १२६]
1567,[एकादशाक्षर प्रस्तार'बन्धु छन्दः]
1568,णील सरुअह एह करीजेतिण्णी भआगण जत्थ भणीजे ।
1569,सोलह मत्तह पाअ ठवीजेदुग्गुरु अन्तहि बन्धु कहीजे ॥ // फ्राफि.१००
1570,
1571,[जहा]
1572,पंडववंसहि जम्म धरीजेसम्पअ अज्जिअ धम्मक दिज्जे ।
1573,सोउ जुहिद्विर सङ्कट पावादेवक लिखअ केण मिटावा ॥ // फ्राफि.१०१ [बन्धु]
1574,
1575,[सुमुखी छन्दः]
1576,दिअवर हार लहू जुअलावलअ परिट्रिअ हत्थअला ।
1577,पअ कल चोदह जम्प अहीकइवर जाणइ सो सुमुही ॥ // फ्राफि.१०२
1578,
1579,
1580,[प. १२७]
1581,[जहा]
1582,अइवल जोव्वणदेहधणासिविअणसोअर बन्धुअणा ।
1583,अवसउ कालपुरी गमणा परिहर बब्बर पाप मणा ॥ // फ्राफि.१०३ [सुमुखी]
1584,
1585,[दोधक छन्दः]
1586,चामर काहल जुग्ग ठवीजेहार लहू जुअ तत्थ धरीजे ।
1587,कण्णगणा पअ अन्त करीजेदोधअ छन्द फणी पभणीजे ॥ // फ्राफि.१०४
1588,
1589,[जहा]
1590,पिङ्ग जटावलि ठाविअ गङ्गाधारिअ णाअरि जेण अधङ्गा ।
1591,चन्दकला जसु सीसहि णोक्खासो तुह सङ्कर दिज्जउ मोक्खा ॥ // फ्राफि.१०५ [दोधक]
1592,
1593,
1594,[प. १२८]
1595,[शालिनी छन्दः]
1596,कण्णो दुण्णो हार एक्को विसज्जेसल्ला कण्णा गन्ध कण्णा सुणिज्जे ।
1597,बीसा रेहा पाअ पाए गणिज्जेसप्याराए सालिणी सा मुणिज्जे ॥ // फ्राफि.१०६
1598,
1599,[जहाँ]
1600,रंडा चंडा दिक्खिदा धम्मदारामज्जं मंस पिज्जए खज्जए अ ।
1601,भिक्खा भोज्जं चम्मखंडं च सज्जाकोलो धम्मो कस्स णो भादि रम्मो ॥ // फ्राफि.१०७
1602,
1603,[दमनक छन्दः]
1604,दिअवरजुअ लहु जुअलंपअ पअ पअलिअ वल।
1605,चउ पअ चउ वसु कलअंदमणअ फणि भण ललिअं ॥ // फ्राफि.१०८
1606,
1607,
1608,[प. १२९]
1609,[जहा]
1610,परिणअससहरवअणं विमलकमलदलणअणं ।
1611,विहिअअसुरकुलदलणंपणमह सिरिमहुमहणं ॥ // फ्राफि.१०९ [दमनक]
1612,
1613,[सेनिका छन्दः]
1614,ताल णन्दए समुद्दतूरआजोहलेण छन्द पूरआ ।
1615,गारहाई अक्खरा जाणिआणाअराअ जम्प एअ सेणिआ ॥ // फ्राफि.११०
1616,
1617,[जहा]
1618,झत्ति पत्तिपाअ भूमि कम्पिआटप्यु दि खेह सूर झम्पिआ ।
1619,गोडराअ जिणि माण मोलिआकामरूअराअवन्दि छोडिआ ॥[सेनिका // फ्राफि.१११
1620,
1621,[मालती छन्दः]
1622,कुन्तीपुत्तापञ्चा दिण्णा जाणीआअन्ते कन्ता एक्का हारा माणीआ ।
1623,पाआ पाआ मत्ता दिट्ठा बाईसामालत्ती छन्दा जम्पन्ता णाएसा ॥ // फ्राफि.११२
1624,
1625,
1626,[प. १३०]
1627,[जहा]
1628,ठामा ठामा हत्थी जूहा देक्खीआणीला मेहा मेरू सिङ्गा पक्खीआ ।
1629,वीराहत्था अग्गे खग्गा राजन्ताणीला मेहा मज्झे विज्जू णच्चन्ता ॥ // फ्राफि.११३ [मालती]
1630,
1631,[इन्द्रवज्रा छन्दः]
1632,दिज्जे तआरा जुअला पएसुंअन्ते णरेन्दो गुरु जुग्ग सेसं ।
1633,जम्पे फर्णिदा धुअ इन्दवज्जामत्ता दहा अट्ठ समा सुसज्जा ॥ // फ्राफि.११४
1634,
1635,[जहा]
1636,मन्तं ण तन्तं णहु किम्पि जाणेझाणं च णो किम्पि गुरुप्पसाओ ।
1637,मज्जं पिआमो महिलं रमामोमोक्खं वजामो कुलमग्गलग्गा ॥इन्द्रवज्रा] // फ्राफि.११५
1638,
1639,
1640,[प. १३१]
1641,[उपेन्द्रवजा छन्दः]
1642,णरेन्द एक्का तअणा सुसज्जापओहरा कण्ण गणा मुणिज्जा ।
1643,उविन्दवज्जा फणिराअदिट्ठापदति छेआ सुहवण्णसिट्ठा ॥ // फ्राफि.११६
1644,
1645,[जहा]
1646,सुधम्मचित्ता गुणमन्त पुत्तासुकम्मरत्ता विणआ कलत्ता ।
1647,विसुद्धदेहा धणमन्त णेहा कुणन्ति के बब्बर सग्ग हा ॥ // फ्राफि.११७ [उपेन्द्रवज्रा]
1648,
1649,[उपजाति छन्दः]
1650,इन्द उविन्दा एक्क करिज्जसुचउअग्गल दह णाम मुणिज्जसु ।
1651,समजाइहि समअक्खर दिज्जसुपिङ्गल भण उवजाइहि किज्जसु ॥ // फ्राफि.११८ [अडिल्ला]
1652,
1653,चउ अक्खरके पत्थर किज्जसुइन्द उविन्दा गुरु लहु बुज्झसु ।
1654,मज्झहĩ चउदह हो उवजाइपिङ्गल जम्पइ कित्ति वोलाइ ॥ // फ्राफि.११९ [अडिल्ला+पज्झटिका]
1655,
1656,
1657,[प. १३२]
1658,[जहा]
1659,बालो कुमारो स छमुंडधारीउप्याअहीणा हउँ एक्क णारी ।
1660,अहण्णिसं खाहि विसं भिखारीगई भवित्ती किल का हमारी ॥ // फ्राफि.१२० [उपजाति]
1661,
1662,कित्ती वाणी माला सालाहंसी माआ जाआ बाला ।
1663,अद्दा भद्दा पम्मा रामारिद्धी बुद्धी तासू णामा ॥[ // फ्राफि.१२१ [विद्युन्माला]
1664,
1665,[द्वादशाक्षर प्रस्तारविद्याधर छन्दः]
1666,चारी कण्णा पाए दिण्णा सव्वासारापाआअन्ते दिज्जे कन्ता चारी हारा ।
1667,छण्णावेआ मत्ता गण्णा चारी पाआविज्जाहारा जम्पे सारा णाआराआ ॥ // फ्राफि.१२२
1668,
1669,[जहा]
1670,जासू कंठा वीसा दीसा सीसा गङ्गाणाआराआ किज्जे हारा गोरी अङ्गा ।
1671,गत्ते चम्मा मारू कामा लिज्जे कित्तीसोई देओ सुक्खं देओ तुम्हा भत्ती ॥ // फ्राफि.१२३ [विद्याधर]
1672,
1673,
1674,[प. १३३]
1675,[भुजङ्गप्रयात छन्दः]
1676,धओ चामरो रूअओ सेस सारोठए कंठए मुद्धए जत्थ हारो ।
1677,चउच्छन्द किज्जे तहा सुद्धदेहंभुअङ्गापआ पए बीस रेहं ॥ // फ्राफि.१२४
1678,
1679,अहिङ्गण चारि पसिद्धा सोलहचरणेण पिङ्गलो भणइ ।
1680,तीणि सआ बीसग्गल मत्तासङ्खा समग्गाइ ॥ // फ्राफि.१२५ [गाहा]
1681,
1682,[जहा]
1683,महा मत्त माअङ्ग पाए ठवीआतहा तिक्ख बाणा कडक्खे धरीआ ।
1684,भुआ पास भोहा धणूहा समाणाअहो णाअरी कामराअस्स सेणा ॥ // फ्राफि.१२६ [भुजङ्गप्रयात]
1685,
1686,[लक्ष्मीधर छन्दः]
1687,हार गन्धा तहा कण्ण गन्धा उणोकण्ण सद्दा तहा तो गुरुआ गणो ।
1688,चारि जोहा गणा णाअराआ भणोएहु रूएण लच्छीहरो सो मुणो ॥ // फ्राफि.१२७
1689,
1690,
1691,[प. १३४]
1692,[जहा]
1693,भञ्जिआ मालवा गञ्जिआ कण्णलाजिण्णिआ गुज्जरा लुंठिआ कुञ्जरा ।
1694,वङ्गला भङ्गला आड्डिआ माड्डिआमच्छआ कम्पिआ कित्तिआ थप्पिआ ॥ // फ्राफि.१२८ [लक्ष्मीधर]
1695,
1696,[तोटक छन्दः]
1697,सगणा धुअ चारि पलन्ति जहीभण सोलह मत्त विराम कही ।
1698,तह पिङ्गलिअं भणिअं उचिअंइह तोटअ छन्द वरं रअं ॥ // फ्राफि.१२९
1699,
1700,[जहा]
1701,चल गुज्जर कुञ्जर तज्जि महीतुअ बब्बर जीवण अज्जु णही ।
1702,जइ कुप्पिअ कण्ण णरेन्दवरारण को हरि को हर वज्जहरा ॥ // फ्राफि.१३०
1703,
1704,
1705,[प. १३५]
1706,[सारङ्गरूपक छन्दः]
1707,जा चारि तक्कार सम्भेअ उक्किट्ठसारङ्गरूअक्क सो पिङ्गले दिट्ठ ।
1708,जा तीअ वीसाम सञ्जुत्त पाएहि णा जाणिए कन्ति अण्णाण्णभाएहि ॥ // फ्राफि.१३१
1709,
1710,[जहा]
1711,रे गोड थक्कन्तु ते हथिजूहाइपल्लट्टि जुज्झन्तु पाइक्कवूहाइ ।
1712,कासीस राआ सरासारअग्गेण की हत्थि की पत्ति की वीरवग्गेण ॥ // फ्राफि.१३२ [सारङ्गरूपक]
1713,
1714,[मउक्तिकदाम छन्दः]
1715,पओहर चारि पसिद्धह तामति तेरह मत्तह मोत्तिअदाम ।
1716,ण पुव्वहि हारु ण दिज्जइ अन्तबिहू सअ अग्गल छप्पण मत्त ॥ // फ्राफि.१३३
1717,
1718,[जहा]
1719,कआ भउ दुव्वरि तेज्जि गरासखणे खण जाणिअ अच्छ णिसास ।
1720,कुहूरव तार दुरन्त वसन्तकि णिद्दअ काम कि णिहअ कन्त ॥ // फ्राफि.१३४ [मउक्तिकदाम]
1721,
1722,
1723,[प. १३६]
1724,[मोदक छन्दः]
1725,तोटअ छन्द विरीअ ठविज्जसुमोदअ छन्दअ णाम करिज्जसु ।
1726,चारि गणा भगणा सुपसिद्धउपिङ्गल जम्पइ कित्तिहि लुद्धउ ॥ // फ्राफि.१३५
1727,
1728,[जहा]
1729,गज्जउ मेह कि अम्बर सावरफुल्लउ णीव कि बुल्लर भम्मर ।
1730,एक्कउ जीअ पराहिण अम्महकी लउ पाउस कीलउ वम्मह ॥[मोदक // फ्राफि.१३६
1731,
1732,[तरलनयनी :]
1733,णगण गण कइ चउगणसुकइ कमलमुहि फणि भण ।
1734,तरलणअणि सव करु लहुसव गुरु जवउ णिवरि कहु ॥ // फ्राफि.१३७
1735,
1736,[जहा]
1737,कमलवअण तिणअण हरगिरिवरसअण तिसुलधर ।
1738,ससहरतिलअ गलगरलवितरउ महु अभिमत वर ॥ // फ्राफि.१३८ [तरलनयनी]
1739,
1740,
1741,[प. १३७]
1742,[सुन्दरी छन्दः]
1743,णगण चामर गन्धजुआ ठवेचमर सल्लजुआ जइ सम्भवे ।
1744,रगण एक्क पअन्तहि लक्खिआसुमुहि सुन्दरि पिङ्गलदक्खिआ ॥ // फ्राफि.१३९
1745,
1746,[जहा]
1747,वहइ दक्खिण मारुअ सीअला रवइ पञ्चम कोमल कोइला ।
1748,महुअरा महुपाण बहूसराभमइ सुन्दरि माहव सम्भवा ॥ // फ्राफि.१४० [सुन्दरी]
1749,
1750,[त्रयोदशाक्षर प्रस्तारमाया छन्दः]
1751,कण्णा दुण्णा चामर सल्ला जुअला जं बीहा दीहा गन्धअजुग्गा पअला तं ।
1752,अन्ते कन्ता चामर हारा सुहकाआ बाईसा मत्ता गुणजुत्ता भणु माआ ॥ // फ्राफि.१४१
1753,
1754,
1755,[प. १३८]
1756,[जहा]
1757,ए अत्थीरा देवखु सरीरा घरु जाआबित्ता पुत्ता सोअर मित्ता सवु माआ ।
1758,काहे लागी बब्बर वेलावसि मुज्झेएक्का कित्ती किज्जइ जुत्ती जइ सुज्झे ॥ // फ्राफि.१४२ [माया]
1759,
1760,[तारक छन्दः]
1761,ठइ आइ लहू जुअ पाअ करीजेगुरु सल्लजुआ भगणा जुअ दीजे ।
1762,पअ अन्तह पाइ गुरु जुअ किज्जेसहि तारअ छन्दह णाम भणिज्जे ॥ // फ्राफि.१४३
1763,
1764,[जहा]
1765,णव मञ्जरि लिज्जिअ चूअह गाछेपरिफुल्लिअ केसु णआ वण आछे ।
1766,जड एस्थि दिगन्तर जाइहि कन्ताकिअ वम्मह णत्थि कि णत्थि वसन्ता ॥ // फ्राफि.१४४ [तारक]
1767,
1768,
1769,[प. १३९]
1770,[कन्द छन्दः]
1771,धआ तूर हारो पुणो तूर हारेणगुरु सद्द किज्जे अ एक्का तआरेण ।
1772,कईसा कला कन्दु जम्पिज्ज णाएण असो होइ चो अग्गला सव्व पाएण ॥ // फ्राफि.१४५
1773,
1774,[जहा]
1775,ण रे कंस जाणेहि हो एक्क बाला इहऊँ देवईपुत्त तो वंसकालाइ ।
1776,तहा गेण्हु कंसो जणाणन्दकन्देणजहा हत्ति दिट्ठो णिआणारिविन्देण ॥ // फ्राफि.१४७ [कन्द]
1777,
1778,[पङ्कावली छन्दः]
1779,चामर पढमहि पाप गणो धुअसल्ल चरण गण ठावहि तं जुअ ।
1780,सोलह कलअ पए पअ जाणिअपिङ्गल पभणइ पङ्कअवालिअ ॥ // फ्राफि.१४८
1781,
1782,
1783,[प. १४०]
1784,[जहा]
1785,जो जण जणमउ सो गुणमन्तउजे कर पर उअआर हसन्तउ ।
1786,जे पुण पर उअआर विरुज्झउतासु जणणि कि ण थक्कड वञ्झउ ॥ // फ्राफि.१४९ [पङ्कावली]
1787,
1788,[चतुर्दशाक्षरखस्तारवसन्ततिलका]
1789,कण्णो पइज्ज पढमे जगणो अ बीएअन्ते तुरङ्ग सअणो यअ तत्थ पाए ।
1790,उत्ता वसन्ततिलआ फणिणा किट्ठाछेआ पढन्ति सरसा सुकइन्ददिट्ठा ॥ // फ्राफि.१५०
1791,
1792,
1793,[प. १४१]
1794,[जहा]
1795,जे तीअ तिक्खचलचक्खुतिहाअदिवाते काम चन्द महु पञ्चम मारणिज्जा ।
1796,जेसं उणो णिवडिआ सअला वि दिट्ठीचिटुन्ति ते तिलजलञ्जलिदाणजोग्गा ॥ // फ्राफि.१५१
1797,
1798,[चक्रपद छन्दः]
1799,सम्भणिअ चरण गण पलिअ मुहोसंठविअ पुणवि दिअवरजुअलो ।
1800,जं करअलगण पअ पअ मुणिओचक्कपअ पभण फणिवइ भणिओ ॥ // फ्राफि.१५२
1801,
1802,[जहा]
1803,खञ्जणजुअल णअणवर उपमाचारुकणअलइ भुअजुअ सुसमा ।
1804,फुलकमलमुहि गअवरगमणीकस्स सुकिअफल विहि गढु तरुणी ॥ // फ्राफि.१५३ [चक्रपद]
1805,
1806,
1807,[प. १४२]
1808,[पञ्चदशाक्षरप्रस्तारभ्रमरावली छन्दः]
1809,कर पञ्च पसिद्ध विलद्धवरं रअणंपभणन्ति मणोहर छन्दवरं रअणं ।
1810,गुरु पञ्च दहा लहु एरिसिअं रइअंभमरावलि छन्द पसिद्ध किअं ठविअं ॥ // फ्राफि.१५४
1811,
1812,[जहा]
1813,तुअ देव दुरित्तगणाहरणा चरणाजइ पावउ चन्दकलाभरणा सरणा ।
1814,परिपूजउ तेज्जिअ लोभ मणा भवणा सुह दे मह सोकविणासमणा समणा ॥ // फ्राफि.१५५ [भमरावली]
1815,
1816,[सारङ्गिका छन्दः]
1817,कण्णा दिण्णा सत्ता अन्ते एका हारा माणीआ
1818,पण्णाराहा हारा सारङ्गिक्का छन्दा जाणीआ ।
1819,तीसा मत्ता पाए पत्ता भोईराआ जम्पन्ता
1820,छन्दा किज्जे कित्ती लिज्जे सूणी मत्था कम्पन्ता ॥ // फ्राफि.१५६
1821,
1822,
1823,[प. १४३]
1824,[जहा]
1825,मत्ता जोहा वड्डे कोहा अप्पाअप्पी गव्वीआ रोसारत्ता सव्वा गत्ता सा भल्ला उट्ठीआ ।
1826,हत्थीजूहा सज्जा हुआ पाए भूमी कम्पन्ता लेही देही छोडो आड्डो सव्वा सूरा जम्पन्ता ॥ // फ्राफि.१५७
1827,
1828,[चामर छन्दः]
1829,चामरस्स बीस मत्त तीणी मत्त अग्गलाअट्ट हार सत्त सार ठाइ ठाइ णिम्मला ।
1830,आइ अन्त हार सार कामिणी मुणिज्जएअक्खरा दहाइ पञ्च पिङ्गले भणिज्जए ॥ // फ्राफि.१५८
1831,
1832,[जहा]
1833,झत्ति जोह सज्ज होह गज्ज वज्ज तं खणारोस रत्त सव्व गत्त हक्क दिज्ज भीसणा ।
1834,धाइ आइ खग्ग पाइ दाणवा चलन्तआवीरपाअ णाअराअ कम्प भूतलन्तआ ॥ // फ्राफि.१५९
1835,
1836,
1837,
